Design smell,Namespace,Class,File,Cause
Imperative Abstraction,Effort.DataLoaders,CachingDataLoader,D:\research\architectureSmells\repos1\tamasflamich_effort\Main\Source\Effort.Shared\DataLoaders\CachingDataLoader.cs,The tool detected the smell in this class because it looks like that an operation is turned into a class. This class contains only the following public method: CreateTableDataLoaderFactory
Duplicate Abstraction,Effort.DataLoaders,CachingDataLoader,D:\research\architectureSmells\repos1\tamasflamich_effort\Main\Source\Effort.Shared\DataLoaders\CachingDataLoader.cs,The tool detected the smell in this class because a set of code clones has been found and at least one of the clones found in this class. List of code clones with start and end line numbers are:  CachingDataLoader (D:\research\architectureSmells\repos1\tamasflamich_effort\Main\Source\Effort.Shared\DataLoaders\CachingDataLoader.cs' [3' 26])' CachingTableDataLoader (D:\research\architectureSmells\repos1\tamasflamich_effort\Main\Source\Effort.Shared\DataLoaders\CachingTableDataLoader.cs' [3' 26])' CsvDataLoader (D:\research\architectureSmells\repos1\tamasflamich_effort\Main\Source\Effort.Shared\DataLoaders\CsvDataLoader.cs' [3' 26])' EmptyDataLoader (D:\research\architectureSmells\repos1\tamasflamich_effort\Main\Source\Effort.Shared\DataLoaders\EmptyDataLoader.cs' [3' 26])' EmptyTableDataLoader (D:\research\architectureSmells\repos1\tamasflamich_effort\Main\Source\Effort.Shared\DataLoaders\EmptyTableDataLoader.cs' [3' 26])' EmptyTableDataLoaderFactory (D:\research\architectureSmells\repos1\tamasflamich_effort\Main\Source\Effort.Shared\DataLoaders\EmptyTableDataLoaderFactory.cs' [3' 26])' EntityDataLoader (D:\research\architectureSmells\repos1\tamasflamich_effort\Main\Source\Effort.Shared\DataLoaders\EntityDataLoader.cs' [3' 26])' IDataLoader (D:\research\architectureSmells\repos1\tamasflamich_effort\Main\Source\Effort.Shared\DataLoaders\IDataLoader.cs' [3' 26])' IDataLoaderConfigurationLatch (D:\research\architectureSmells\repos1\tamasflamich_effort\Main\Source\Effort.Shared\DataLoaders\IDataLoaderConfigurationLatch.cs' [3' 26])' IFileReference (D:\research\architectureSmells\repos1\tamasflamich_effort\Main\Source\Effort.Shared\DataLoaders\IFileReference.cs' [3' 26])' ITableDataLoader (D:\research\architectureSmells\repos1\tamasflamich_effort\Main\Source\Effort.Shared\DataLoaders\ITableDataLoader.cs' [3' 26])' TableDescription (D:\research\architectureSmells\repos1\tamasflamich_effort\Main\Source\Effort.Shared\DataLoaders\TableDescription.cs' [3' 26])' CachingTableDataLoaderFactory (D:\research\architectureSmells\repos1\tamasflamich_effort\Main\Source\Effort.Shared\DataLoaders\CachingTableDataLoaderFactory.cs' [3' 26])' CachingTableDataLoaderStoreProxy (D:\research\architectureSmells\repos1\tamasflamich_effort\Main\Source\Effort.Shared\DataLoaders\CachingTableDataLoaderStoreProxy.cs' [3' 26])' ColumnDescription (D:\research\architectureSmells\repos1\tamasflamich_effort\Main\Source\Effort.Shared\DataLoaders\ColumnDescription.cs' [3' 26])' CsvTableDataLoader (D:\research\architectureSmells\repos1\tamasflamich_effort\Main\Source\Effort.Shared\DataLoaders\CsvTableDataLoader.cs' [3' 26])' CsvTableDataLoaderFactory (D:\research\architectureSmells\repos1\tamasflamich_effort\Main\Source\Effort.Shared\DataLoaders\CsvTableDataLoaderFactory.cs' [3' 26])' CsvValueConverter (D:\research\architectureSmells\repos1\tamasflamich_effort\Main\Source\Effort.Shared\DataLoaders\CsvValueConverter.cs' [3' 26])' DataLoaderConfigurationLatchProxy (D:\research\architectureSmells\repos1\tamasflamich_effort\Main\Source\Effort.Shared\DataLoaders\DataLoaderConfigurationLatchProxy.cs' [3' 26])' EntityTableDataLoader (D:\research\architectureSmells\repos1\tamasflamich_effort\Main\Source\Effort.Shared\DataLoaders\EntityTableDataLoader.cs' [3' 26])' FileSource (D:\research\architectureSmells\repos1\tamasflamich_effort\Main\Source\Effort.Shared\DataLoaders\FileSource.cs' [3' 26])' ICachingTableDataLoaderStore (D:\research\architectureSmells\repos1\tamasflamich_effort\Main\Source\Effort.Shared\DataLoaders\ICachingTableDataLoaderStore.cs' [3' 26])' ITableDataLoaderFactory (D:\research\architectureSmells\repos1\tamasflamich_effort\Main\Source\Effort.Shared\DataLoaders\ITableDataLoaderFactory.cs' [3' 26])' IValueConverter (D:\research\architectureSmells\repos1\tamasflamich_effort\Main\Source\Effort.Shared\DataLoaders\IValueConverter.cs' [3' 26])' ObjectLoader (D:\research\architectureSmells\repos1\tamasflamich_effort\Main\Source\Effort.Shared\DataLoaders\ObjectLoader.cs' [3' 26])' TableDataLoaderBase (D:\research\architectureSmells\repos1\tamasflamich_effort\Main\Source\Effort.Shared\DataLoaders\TableDataLoaderBase.cs' [3' 26])' FileSystemFileProvider (D:\research\architectureSmells\repos1\tamasflamich_effort\Main\Source\Effort.Shared\DataLoaders\Internal\FileSystemFileProvider.cs' [3' 26])' IFileProvider (D:\research\architectureSmells\repos1\tamasflamich_effort\Main\Source\Effort.Shared\DataLoaders\Internal\IFileProvider.cs' [3' 26])' FileSystemFileReference (D:\research\architectureSmells\repos1\tamasflamich_effort\Main\Source\Effort.Shared\DataLoaders\Internal\FileSystemFileReference.cs' [3' 26])' InvalidFileProvider (D:\research\architectureSmells\repos1\tamasflamich_effort\Main\Source\Effort.Shared\DataLoaders\Internal\InvalidFileProvider.cs' [3' 26])' ResourceFileProvider (D:\research\architectureSmells\repos1\tamasflamich_effort\Main\Source\Effort.Shared\DataLoaders\Internal\ResourceFileProvider.cs' [3' 26])' ResourceFileReference (D:\research\architectureSmells\repos1\tamasflamich_effort\Main\Source\Effort.Shared\DataLoaders\Internal\ResourceFileReference.cs' [3' 26])' CachingTableDataLoaderKey (D:\research\architectureSmells\repos1\tamasflamich_effort\Main\Source\Effort.Shared\Internal\Caching\CachingTableDataLoaderKey.cs' [3' 26])' DataLoaderConfigurationLatchStore (D:\research\architectureSmells\repos1\tamasflamich_effort\Main\Source\Effort.Shared\Internal\Caching\DataLoaderConfigurationLatchStore.cs' [3' 26])' CachingTableDataLoaderStore (D:\research\architectureSmells\repos1\tamasflamich_effort\Main\Source\Effort.Shared\Internal\Caching\CachingTableDataLoaderStore.cs' [3' 26])' ConcurrentCache<TKey'TElement> (D:\research\architectureSmells\repos1\tamasflamich_effort\Main\Source\Effort.Shared\Internal\Caching\ConcurrentCache`2.cs' [3' 26])' DataLoaderConfigurationKey (D:\research\architectureSmells\repos1\tamasflamich_effort\Main\Source\Effort.Shared\Internal\Caching\DataLoaderConfigurationKey.cs' [3' 26])' DataLoaderConfigurationLatch (D:\research\architectureSmells\repos1\tamasflamich_effort\Main\Source\Effort.Shared\Internal\Caching\DataLoaderConfigurationLatch.cs' [3' 26])' DbContainerStore (D:\research\architectureSmells\repos1\tamasflamich_effort\Main\Source\Effort.Shared\Internal\Caching\DbContainerStore.cs' [3' 26])' DbSchemaKey (D:\research\architectureSmells\repos1\tamasflamich_effort\Main\Source\Effort.Shared\Internal\Caching\DbSchemaKey.cs' [3' 26])' DbSchemaStore (D:\research\architectureSmells\repos1\tamasflamich_effort\Main\Source\Effort.Shared\Internal\Caching\DbSchemaStore.cs' [3' 26])' MetadataWorkspaceStore (D:\research\architectureSmells\repos1\tamasflamich_effort\Main\Source\Effort.Shared\Internal\Caching\MetadataWorkspaceStore.cs' [3' 26])' ObjectContextTypeKey (D:\research\architectureSmells\repos1\tamasflamich_effort\Main\Source\Effort.Shared\Internal\Caching\ObjectContextTypeKey.cs' [3' 26])' ObjectContextTypeStore (D:\research\architectureSmells\repos1\tamasflamich_effort\Main\Source\Effort.Shared\Internal\Caching\ObjectContextTypeStore.cs' [3' 26])' ActionContext (D:\research\architectureSmells\repos1\tamasflamich_effort\Main\Source\Effort.Shared\Internal\CommandActions\ActionContext.cs' [3' 26])' CommandActionFactory (D:\research\architectureSmells\repos1\tamasflamich_effort\Main\Source\Effort.Shared\Internal\CommandActions\CommandActionFactory.cs' [3' 26])' CommandActionParameter (D:\research\architectureSmells\repos1\tamasflamich_effort\Main\Source\Effort.Shared\Internal\CommandActions\CommandActionParameter.cs' [3' 26])' DbCommandActionHelper (D:\research\architectureSmells\repos1\tamasflamich_effort\Main\Source\Effort.Shared\Internal\CommandActions\DbCommandActionHelper.cs' [3' 26])' DeleteCommandAction (D:\research\architectureSmells\repos1\tamasflamich_effort\Main\Source\Effort.Shared\Internal\CommandActions\DeleteCommandAction.cs' [3' 26])' ICommandAction (D:\research\architectureSmells\repos1\tamasflamich_effort\Main\Source\Effort.Shared\Internal\CommandActions\ICommandAction.cs' [3' 26])' InsertCommandAction (D:\research\architectureSmells\repos1\tamasflamich_effort\Main\Source\Effort.Shared\Internal\CommandActions\InsertCommandAction.cs' [3' 26])' QueryCommandAction (D:\research\architectureSmells\repos1\tamasflamich_effort\Main\Source\Effort.Shared\Internal\CommandActions\QueryCommandAction.cs' [3' 26])' UpdateCommandAction (D:\research\architectureSmells\repos1\tamasflamich_effort\Main\Source\Effort.Shared\Internal\CommandActions\UpdateCommandAction.cs' [3' 26])' CommandTreeBuilder (D:\research\architectureSmells\repos1\tamasflamich_effort\Main\Source\Effort.Shared\Internal\Common\CommandTreeBuilder.cs' [3' 26])' EdmHelper (D:\research\architectureSmells\repos1\tamasflamich_effort\Main\Source\Effort.Shared\Internal\Common\EdmHelper.cs' [3' 26])' TypeUsageHelper (D:\research\architectureSmells\repos1\tamasflamich_effort\Main\Source\Effort.Shared\Internal\Common\TypeUsageHelper.cs' [3' 26])' DatabaseReflectionHelper (D:\research\architectureSmells\repos1\tamasflamich_effort\Main\Source\Effort.Shared\Internal\Common\DatabaseReflectionHelper.cs' [3' 26])' EmitHelper (D:\research\architectureSmells\repos1\tamasflamich_effort\Main\Source\Effort.Shared\Internal\Common\EmitHelper.cs' [3' 26])' ExpressionHelper (D:\research\architectureSmells\repos1\tamasflamich_effort\Main\Source\Effort.Shared\Internal\Common\ExpressionHelper.cs' [3' 26])' FastLazy<T> (D:\research\architectureSmells\repos1\tamasflamich_effort\Main\Source\Effort.Shared\Internal\Common\FastLazy`1.cs' [3' 26])' FieldDescription (D:\research\architectureSmells\repos1\tamasflamich_effort\Main\Source\Effort.Shared\Internal\Common\FieldDescription.cs' [3' 26])' MetadataWorkspaceHelper (D:\research\architectureSmells\repos1\tamasflamich_effort\Main\Source\Effort.Shared\Internal\Common\MetadataWorkspaceHelper.cs' [3' 26])' ProviderHelper (D:\research\architectureSmells\repos1\tamasflamich_effort\Main\Source\Effort.Shared\Internal\Common\ProviderHelper.cs' [3' 26])' ReflectionHelper (D:\research\architectureSmells\repos1\tamasflamich_effort\Main\Source\Effort.Shared\Internal\Common\ReflectionHelper.cs' [3' 26])' TupleTypeHelper (D:\research\architectureSmells\repos1\tamasflamich_effort\Main\Source\Effort.Shared\Internal\Common\TupleTypeHelper.cs' [3' 26])' TypeHelper (D:\research\architectureSmells\repos1\tamasflamich_effort\Main\Source\Effort.Shared\Internal\Common\TypeHelper.cs' [3' 26])' AggregatedElementModifier (D:\research\architectureSmells\repos1\tamasflamich_effort\Main\Source\Effort.Shared\Internal\Common\XmlProcessing\AggregatedElementModifier.cs' [3' 26])' IAttributeModifier (D:\research\architectureSmells\repos1\tamasflamich_effort\Main\Source\Effort.Shared\Internal\Common\XmlProcessing\IAttributeModifier.cs' [3' 26])' IElementAttributeSelector (D:\research\architectureSmells\repos1\tamasflamich_effort\Main\Source\Effort.Shared\Internal\Common\XmlProcessing\IElementAttributeSelector.cs' [3' 26])' IElementModifier (D:\research\architectureSmells\repos1\tamasflamich_effort\Main\Source\Effort.Shared\Internal\Common\XmlProcessing\IElementModifier.cs' [3' 26])' IElementSelector (D:\research\architectureSmells\repos1\tamasflamich_effort\Main\Source\Effort.Shared\Internal\Common\XmlProcessing\IElementSelector.cs' [3' 26])' IElementVisitor (D:\research\architectureSmells\repos1\tamasflamich_effort\Main\Source\Effort.Shared\Internal\Common\XmlProcessing\IElementVisitor`1.cs' [3' 26])' IModificationContext (D:\research\architectureSmells\repos1\tamasflamich_effort\Main\Source\Effort.Shared\Internal\Common\XmlProcessing\IModificationContext.cs' [3' 26])' ModificationContext (D:\research\architectureSmells\repos1\tamasflamich_effort\Main\Source\Effort.Shared\Internal\Common\XmlProcessing\ModificationContext.cs' [3' 26])' SelfElementSelector (D:\research\architectureSmells\repos1\tamasflamich_effort\Main\Source\Effort.Shared\Internal\Common\XmlProcessing\SelfElementSelector.cs' [3' 26])' ComposedElementModifier (D:\research\architectureSmells\repos1\tamasflamich_effort\Main\Source\Effort.Shared\Internal\Common\XmlProcessing\ComposedElementModifier.cs' [3' 26])' CanonicalFunctionMapper (D:\research\architectureSmells\repos1\tamasflamich_effort\Main\Source\Effort.Shared\Internal\DbCommandTreeTransformation\CanonicalFunctions.cs' [3' 26])' EntitySetSearchVisitor (D:\research\architectureSmells\repos1\tamasflamich_effort\Main\Source\Effort.Shared\Internal\DbCommandTreeTransformation\EntitySetSearchVisitor.cs' [3' 26])' IDbMethodProvider (D:\research\architectureSmells\repos1\tamasflamich_effort\Main\Source\Effort.Shared\Internal\DbCommandTreeTransformation\IDbMethodProvider.cs' [3' 26])' ITableProvider (D:\research\architectureSmells\repos1\tamasflamich_effort\Main\Source\Effort.Shared\Internal\DbCommandTreeTransformation\ITableProvider.cs' [3' 26])' SingleResult<T> (D:\research\architectureSmells\repos1\tamasflamich_effort\Main\Source\Effort.Shared\Internal\DbCommandTreeTransformation\SingleResult.cs' [3' 26])' TransformVisitor (D:\research\architectureSmells\repos1\tamasflamich_effort\Main\Source\Effort.Shared\Internal\DbCommandTreeTransformation\TransformVisitor.And.cs' [3' 26])' TraversalVisitor (D:\research\architectureSmells\repos1\tamasflamich_effort\Main\Source\Effort.Shared\Internal\DbCommandTreeTransformation\TraversalVisitor.cs' [3' 26])' Variable (D:\research\architectureSmells\repos1\tamasflamich_effort\Main\Source\Effort.Shared\Internal\DbCommandTreeTransformation\Variable.cs' [3' 26])' DbFunctions (D:\research\architectureSmells\repos1\tamasflamich_effort\Main\Source\Effort.Shared\Internal\DbCommandTreeTransformation\DbFunctions.cs' [3' 26])' LinqMethodExpressionBuilder (D:\research\architectureSmells\repos1\tamasflamich_effort\Main\Source\Effort.Shared\Internal\DbCommandTreeTransformation\LinqMethodExpressionBuilder.cs' [3' 26])' LinqMethodProvider (D:\research\architectureSmells\repos1\tamasflamich_effort\Main\Source\Effort.Shared\Internal\DbCommandTreeTransformation\LinqMethodProvider.cs' [3' 26])' MethodInfoGroup (D:\research\architectureSmells\repos1\tamasflamich_effort\Main\Source\Effort.Shared\Internal\DbCommandTreeTransformation\MethodInfoGroup.cs' [3' 26])' NullableEnumerableExtensionMethods (D:\research\architectureSmells\repos1\tamasflamich_effort\Main\Source\Effort.Shared\Internal\DbCommandTreeTransformation\NullableEnumerableExtensionMethods.cs' [3' 26])' VariableCollection (D:\research\architectureSmells\repos1\tamasflamich_effort\Main\Source\Effort.Shared\Internal\DbCommandTreeTransformation\VariableCollection.cs' [3' 26])' VariableHandler (D:\research\architectureSmells\repos1\tamasflamich_effort\Main\Source\Effort.Shared\Internal\DbCommandTreeTransformation\VariableHandler.cs' [3' 26])' CanonicalContainer (D:\research\architectureSmells\repos1\tamasflamich_effort\Main\Source\Effort.Shared\Internal\DbManagement\CanonicalContainer.cs' [3' 26])' DbContainer (D:\research\architectureSmells\repos1\tamasflamich_effort\Main\Source\Effort.Shared\Internal\DbManagement\DbContainer.cs' [3' 26])' DbContainerManagerWrapper (D:\research\architectureSmells\repos1\tamasflamich_effort\Main\Source\Effort.Shared\Internal\DbManagement\DbContainerManagerWrapper.cs' [3' 26])' DbContainerParameters (D:\research\architectureSmells\repos1\tamasflamich_effort\Main\Source\Effort.Shared\Internal\DbManagement\DbContainerParameters.cs' [3' 26])' DbMethodProvider (D:\research\architectureSmells\repos1\tamasflamich_effort\Main\Source\Effort.Shared\Internal\DbManagement\DbMethodProvider.cs' [3' 26])' DatabaseComponentFactory (D:\research\architectureSmells\repos1\tamasflamich_effort\Main\Source\Effort.Shared\Internal\DbManagement\Engine\DatabaseComponentFactory.cs' [3' 26])' ExtendedQueryCompiler (D:\research\architectureSmells\repos1\tamasflamich_effort\Main\Source\Effort.Shared\Internal\DbManagement\Engine\ExtendedQueryCompiler.cs' [3' 26])' ExtendedTable<TEntity'TPrimaryKey> (D:\research\architectureSmells\repos1\tamasflamich_effort\Main\Source\Effort.Shared\Internal\DbManagement\Engine\ExtendedTable`2.cs' [3' 26])' IExtendedTable (D:\research\architectureSmells\repos1\tamasflamich_effort\Main\Source\Effort.Shared\Internal\DbManagement\Engine\IExtendedTable.cs' [3' 26])' ExtendedTableService (D:\research\architectureSmells\repos1\tamasflamich_effort\Main\Source\Effort.Shared\Internal\DbManagement\Engine\Services\ExtendedTableService.cs' [3' 26])' ExcrescentInitializationCleanserVisitor (D:\research\architectureSmells\repos1\tamasflamich_effort\Main\Source\Effort.Shared\Internal\DbManagement\Engine\Rewriters\ExcrescentInitializationCleanserVisitor.cs' [3' 26])' ExcrescentSingleResultCleanserVisitor (D:\research\architectureSmells\repos1\tamasflamich_effort\Main\Source\Effort.Shared\Internal\DbManagement\Engine\Rewriters\ExcrescentSingleResultCleanserVisitor.cs' [3' 26])' SumTransformerVisitor (D:\research\architectureSmells\repos1\tamasflamich_effort\Main\Source\Effort.Shared\Internal\DbManagement\Engine\Rewriters\SumTransformerVisitor.cs' [3' 26])' DataRowKeyInfo<TEntity'TKey> (D:\research\architectureSmells\repos1\tamasflamich_effort\Main\Source\Effort.Shared\Internal\DbManagement\Engine\Services\DataRowKeyInfo.cs' [3' 26])' DataRowKeyInfoHelper (D:\research\architectureSmells\repos1\tamasflamich_effort\Main\Source\Effort.Shared\Internal\DbManagement\Engine\Services\DataRowKeyInfoHelper.cs' [3' 26])' BareSchemaBase (D:\research\architectureSmells\repos1\tamasflamich_effort\Main\Source\Effort.Shared\Internal\DbManagement\Schema\BareSchemaBase.cs' [3' 26])' DbSchema (D:\research\architectureSmells\repos1\tamasflamich_effort\Main\Source\Effort.Shared\Internal\DbManagement\Schema\DbSchema.cs' [3' 26])' DbSchemaFactory (D:\research\architectureSmells\repos1\tamasflamich_effort\Main\Source\Effort.Shared\Internal\DbManagement\Schema\DbSchemaFactory.cs' [3' 26])' DbRelationInfo (D:\research\architectureSmells\repos1\tamasflamich_effort\Main\Source\Effort.Shared\Internal\DbManagement\Schema\DbRelationInfo.cs' [3' 26])' DbTableInfo (D:\research\architectureSmells\repos1\tamasflamich_effort\Main\Source\Effort.Shared\Internal\DbManagement\Schema\DbTableInfo.cs' [3' 26])' DynamicBareSchema (D:\research\architectureSmells\repos1\tamasflamich_effort\Main\Source\Effort.Shared\Internal\DbManagement\Schema\DynamicBareSchema.cs' [3' 26])' IBareSchema (D:\research\architectureSmells\repos1\tamasflamich_effort\Main\Source\Effort.Shared\Internal\DbManagement\Schema\IBareSchema.cs' [3' 26])' KeyInfoHelper (D:\research\architectureSmells\repos1\tamasflamich_effort\Main\Source\Effort.Shared\Internal\DbManagement\Schema\KeyInfoHelper.cs' [3' 26])' AssociationInfo (D:\research\architectureSmells\repos1\tamasflamich_effort\Main\Source\Effort.Shared\Internal\DbManagement\Schema\Configuration\AssociationInfo.cs' [3' 26])' AssociationTableInfo (D:\research\architectureSmells\repos1\tamasflamich_effort\Main\Source\Effort.Shared\Internal\DbManagement\Schema\Configuration\AssociationTableInfo.cs' [3' 26])' BareSchemaConfiguration (D:\research\architectureSmells\repos1\tamasflamich_effort\Main\Source\Effort.Shared\Internal\DbManagement\Schema\Configuration\BareSchemaConfiguration.cs' [3' 26])' CharLimitConfiguration (D:\research\architectureSmells\repos1\tamasflamich_effort\Main\Source\Effort.Shared\Internal\DbManagement\Schema\Configuration\CharLimitConfiguration.cs' [3' 26])' EntityPropertyInfo (D:\research\architectureSmells\repos1\tamasflamich_effort\Main\Source\Effort.Shared\Internal\DbManagement\Schema\Configuration\EntityPropertyInfo.cs' [3' 26])' GeneratedGuidConfiguration (D:\research\architectureSmells\repos1\tamasflamich_effort\Main\Source\Effort.Shared\Internal\DbManagement\Schema\Configuration\GeneratedGuidConfiguration.cs' [3' 26])' IdentityConfiguration (D:\research\architectureSmells\repos1\tamasflamich_effort\Main\Source\Effort.Shared\Internal\DbManagement\Schema\Configuration\IdentityConfiguration.cs' [3' 26])' IndexConfiguration (D:\research\architectureSmells\repos1\tamasflamich_effort\Main\Source\Effort.Shared\Internal\DbManagement\Schema\Configuration\IndexConfiguration.cs' [3' 26])' IndexInfo (D:\research\architectureSmells\repos1\tamasflamich_effort\Main\Source\Effort.Shared\Internal\DbManagement\Schema\Configuration\IndexInfo.cs' [3' 26])' IRelationConfiguration (D:\research\architectureSmells\repos1\tamasflamich_effort\Main\Source\Effort.Shared\Internal\DbManagement\Schema\Configuration\IRelationConfiguration.cs' [3' 26])' ITableConfiguration (D:\research\architectureSmells\repos1\tamasflamich_effort\Main\Source\Effort.Shared\Internal\DbManagement\Schema\Configuration\ITableConfiguration.cs' [3' 26])' NotNullConfiguration (D:\research\architectureSmells\repos1\tamasflamich_effort\Main\Source\Effort.Shared\Internal\DbManagement\Schema\Configuration\NotNullConfiguration.cs' [3' 26])' RelationConfiguration (D:\research\architectureSmells\repos1\tamasflamich_effort\Main\Source\Effort.Shared\Internal\DbManagement\Schema\Configuration\RelationConfiguration.cs' [3' 26])' VarcharLimitConfiguration (D:\research\architectureSmells\repos1\tamasflamich_effort\Main\Source\Effort.Shared\Internal\DbManagement\Schema\Configuration\VarcharLimitConfiguration.cs' [3' 26])' EntityInfo (D:\research\architectureSmells\repos1\tamasflamich_effort\Main\Source\Effort.Shared\Internal\DbManagement\Schema\Configuration\EntityInfo.cs' [3' 26])' PrimaryKeyConfiguration (D:\research\architectureSmells\repos1\tamasflamich_effort\Main\Source\Effort.Shared\Internal\DbManagement\Schema\Configuration\PrimaryKeyConfiguration.cs' [3' 26])' RelationConfigurationGroup (D:\research\architectureSmells\repos1\tamasflamich_effort\Main\Source\Effort.Shared\Internal\DbManagement\Schema\Configuration\RelationConfigurationGroup.cs' [3' 26])' TableConfigurationGroup (D:\research\architectureSmells\repos1\tamasflamich_effort\Main\Source\Effort.Shared\Internal\DbManagement\Schema\Configuration\TableConfigurationGroup.cs' [3' 26])' CharLimitConstraintFactory<TEntity> (D:\research\architectureSmells\repos1\tamasflamich_effort\Main\Source\Effort.Shared\Internal\DbManagement\Schema\Constraints\CharLimitConstraintFactory`1.cs' [3' 26])' ConstraintFactories (D:\research\architectureSmells\repos1\tamasflamich_effort\Main\Source\Effort.Shared\Internal\DbManagement\Schema\Constraints\ConstraintFactories.cs' [3' 26])' GeneratedGuidConstraintFactory<TEntity> (D:\research\architectureSmells\repos1\tamasflamich_effort\Main\Source\Effort.Shared\Internal\DbManagement\Schema\Constraints\GeneratedGuidConstraintFactory`1.cs' [3' 26])' ConstraintFactoryBase<TEntity'TMember> (D:\research\architectureSmells\repos1\tamasflamich_effort\Main\Source\Effort.Shared\Internal\DbManagement\Schema\Constraints\ConstraintFactoryBase`2.cs' [3' 26])' NotNullableConstraintFactory<TEntity'TMember> (D:\research\architectureSmells\repos1\tamasflamich_effort\Main\Source\Effort.Shared\Internal\DbManagement\Schema\Constraints\NotNullableConstraintFactory`2.cs' [3' 26])' VarCharLimitConstraintFactory<TEntity> (D:\research\architectureSmells\repos1\tamasflamich_effort\Main\Source\Effort.Shared\Internal\DbManagement\Schema\Constraints\VarCharLimitConstraintFactory`1.cs' [3' 26])' ILogger (D:\research\architectureSmells\repos1\tamasflamich_effort\Main\Source\Effort.Shared\Internal\Diagnostics\ILogger.cs' [3' 26])' Logger (D:\research\architectureSmells\repos1\tamasflamich_effort\Main\Source\Effort.Shared\Internal\Diagnostics\Logger.cs' [3' 26])' CommonPropertyElementModifier (D:\research\architectureSmells\repos1\tamasflamich_effort\Main\Source\Effort.Shared\Internal\StorageSchema\CommonPropertyElementModifier.cs' [3' 26])' EffortProviderInformation (D:\research\architectureSmells\repos1\tamasflamich_effort\Main\Source\Effort.Shared\Internal\StorageSchema\EffortProviderInformation.cs' [3' 26])' IProviderInformation (D:\research\architectureSmells\repos1\tamasflamich_effort\Main\Source\Effort.Shared\Internal\StorageSchema\IProviderInformation.cs' [3' 26])' ModificationFunctionMappingModifier (D:\research\architectureSmells\repos1\tamasflamich_effort\Main\Source\Effort.Shared\Internal\StorageSchema\ModificationFunctionMappingModifier.cs' [3' 26])' ProviderInformation (D:\research\architectureSmells\repos1\tamasflamich_effort\Main\Source\Effort.Shared\Internal\StorageSchema\ProviderInformation.cs' [3' 26])' StorageSchemaContentNameProvider (D:\research\architectureSmells\repos1\tamasflamich_effort\Main\Source\Effort.Shared\Internal\StorageSchema\StorageSchemaContentNameProvider.cs' [3' 26])' StorageSchemaNamespaces (D:\research\architectureSmells\repos1\tamasflamich_effort\Main\Source\Effort.Shared\Internal\StorageSchema\StorageSchemaNamespaces.cs' [3' 26])' StorageTypeConverter (D:\research\architectureSmells\repos1\tamasflamich_effort\Main\Source\Effort.Shared\Internal\StorageSchema\StorageTypeConverter.cs' [3' 26])' EntityTypePropertyElementSelector (D:\research\architectureSmells\repos1\tamasflamich_effort\Main\Source\Effort.Shared\Internal\StorageSchema\EntityTypePropertyElementSelector.cs' [3' 26])' FunctionElementSelector (D:\research\architectureSmells\repos1\tamasflamich_effort\Main\Source\Effort.Shared\Internal\StorageSchema\FunctionElementSelector.cs' [3' 26])' FunctionParameterElementSelector (D:\research\architectureSmells\repos1\tamasflamich_effort\Main\Source\Effort.Shared\Internal\StorageSchema\FunctionParameterElementSelector.cs' [3' 26])' FunctionReturnRowTypePropertyElementSelector (D:\research\architectureSmells\repos1\tamasflamich_effort\Main\Source\Effort.Shared\Internal\StorageSchema\FunctionReturnRowTypePropertyElementSelector.cs' [3' 26])' FunctionTypeAttributeModifier (D:\research\architectureSmells\repos1\tamasflamich_effort\Main\Source\Effort.Shared\Internal\StorageSchema\FunctionTypeAttributeModifier.cs' [3' 26])' ModificationContextHelper (D:\research\architectureSmells\repos1\tamasflamich_effort\Main\Source\Effort.Shared\Internal\StorageSchema\ModificationContextHelper.cs' [3' 26])' PropertyTypeAttributeModifier (D:\research\architectureSmells\repos1\tamasflamich_effort\Main\Source\Effort.Shared\Internal\StorageSchema\PropertyTypeAttributeModifier.cs' [3' 26])' ProviderAttributeModifier (D:\research\architectureSmells\repos1\tamasflamich_effort\Main\Source\Effort.Shared\Internal\StorageSchema\ProviderAttributeModifier.cs' [3' 26])' ProviderAttributeSelector (D:\research\architectureSmells\repos1\tamasflamich_effort\Main\Source\Effort.Shared\Internal\StorageSchema\ProviderAttributeSelector.cs' [3' 26])' ProviderManifestTokenAttributeModifier (D:\research\architectureSmells\repos1\tamasflamich_effort\Main\Source\Effort.Shared\Internal\StorageSchema\ProviderManifestTokenAttributeModifier.cs' [3' 26])' ProviderManifestTokenAttributeSelector (D:\research\architectureSmells\repos1\tamasflamich_effort\Main\Source\Effort.Shared\Internal\StorageSchema\ProviderManifestTokenAttributeSelector.cs' [3' 26])' ProviderParser (D:\research\architectureSmells\repos1\tamasflamich_effort\Main\Source\Effort.Shared\Internal\StorageSchema\ProviderParser.cs' [3' 26])' ReturnTypeAttributeSelector (D:\research\architectureSmells\repos1\tamasflamich_effort\Main\Source\Effort.Shared\Internal\StorageSchema\ReturnTypeAttributeSelector.cs' [3' 26])' StorageSchemaV1Modifier (D:\research\architectureSmells\repos1\tamasflamich_effort\Main\Source\Effort.Shared\Internal\StorageSchema\StorageSchemaV1Modifier.cs' [3' 26])' StorageSchemaV2Modifier (D:\research\architectureSmells\repos1\tamasflamich_effort\Main\Source\Effort.Shared\Internal\StorageSchema\StorageSchemaV2Modifier.cs' [3' 26])' StorageSchemaV3Modifier (D:\research\architectureSmells\repos1\tamasflamich_effort\Main\Source\Effort.Shared\Internal\StorageSchema\StorageSchemaV3Modifier.cs' [3' 26])' TypeAttributeSelector (D:\research\architectureSmells\repos1\tamasflamich_effort\Main\Source\Effort.Shared\Internal\StorageSchema\TypeAttributeSelector.cs' [3' 26])' UniversalStorageSchemaModifier (D:\research\architectureSmells\repos1\tamasflamich_effort\Main\Source\Effort.Shared\Internal\StorageSchema\UniversalStorageSchemaModifier.cs' [3' 26])' DefaultTypeConverter (D:\research\architectureSmells\repos1\tamasflamich_effort\Main\Source\Effort.Shared\Internal\TypeConversion\DefaultTypeConverter.cs' [3' 26])' FacetInfo (D:\research\architectureSmells\repos1\tamasflamich_effort\Main\Source\Effort.Shared\Internal\TypeConversion\FacetInformation.cs' [3' 26])' EdmTypeConverter (D:\research\architectureSmells\repos1\tamasflamich_effort\Main\Source\Effort.Shared\Internal\TypeConversion\EdmTypeConverter.cs' [3' 26])' ITypeConverter (D:\research\architectureSmells\repos1\tamasflamich_effort\Main\Source\Effort.Shared\Internal\TypeConversion\ITypeConverter.cs' [3' 26])' DataRow (D:\research\architectureSmells\repos1\tamasflamich_effort\Main\Source\Effort.Shared\Internal\TypeGeneration\DataRow.cs' [3' 26])' DataRowFactory (D:\research\architectureSmells\repos1\tamasflamich_effort\Main\Source\Effort.Shared\Internal\TypeGeneration\DataRowFactory.cs' [3' 26])' EffortCommand (D:\research\architectureSmells\repos1\tamasflamich_effort\Main\Source\Effort.Shared\Provider\EffortCommand.cs' [3' 26])' EffortCommandDefinition (D:\research\architectureSmells\repos1\tamasflamich_effort\Main\Source\Effort.Shared\Provider\EffortCommandDefinition.cs' [3' 26])' EffortVersion (D:\research\architectureSmells\repos1\tamasflamich_effort\Main\Source\Effort.Shared\Provider\EffortVersion.cs' [3' 26])' IDbManager (D:\research\architectureSmells\repos1\tamasflamich_effort\Main\Source\Effort.Shared\Provider\IDbManager.cs' [3' 26])' EffortCommandBase (D:\research\architectureSmells\repos1\tamasflamich_effort\Main\Source\Effort.Shared\Provider\EffortCommandBase.cs' [3' 26])' EffortConnectionStringBuilder (D:\research\architectureSmells\repos1\tamasflamich_effort\Main\Source\Effort.Shared\Provider\EffortConnectionStringBuilder.cs' [3' 26])' EffortDataReader (D:\research\architectureSmells\repos1\tamasflamich_effort\Main\Source\Effort.Shared\Provider\EffortDataReader.cs' [3' 26])' EffortEntityCommand (D:\research\architectureSmells\repos1\tamasflamich_effort\Main\Source\Effort.Shared\Provider\EffortEntityCommand.cs' [3' 26])' EffortParameter (D:\research\architectureSmells\repos1\tamasflamich_effort\Main\Source\Effort.Shared\Provider\EffortParameter.cs' [3' 26])' EffortParameterCollection (D:\research\architectureSmells\repos1\tamasflamich_effort\Main\Source\Effort.Shared\Provider\EffortParameterCollection.cs' [3' 26])' EffortProviderConfiguration (D:\research\architectureSmells\repos1\tamasflamich_effort\Main\Source\Effort.Shared\Provider\EffortProviderConfiguration.cs' [3' 26])' EffortProviderFactory (D:\research\architectureSmells\repos1\tamasflamich_effort\Main\Source\Effort.Shared\Provider\EffortProviderFactory.cs' [3' 26])' EffortProviderManifest (D:\research\architectureSmells\repos1\tamasflamich_effort\Main\Source\Effort.Shared\Provider\EffortProviderManifest.cs' [3' 26])' EffortProviderManifestTokens (D:\research\architectureSmells\repos1\tamasflamich_effort\Main\Source\Effort.Shared\Provider\EffortProviderManifestTokens.cs' [3' 26])' EffortProviderServices (D:\research\architectureSmells\repos1\tamasflamich_effort\Main\Source\Effort.Shared\Provider\EffortProviderServices.cs' [3' 26])
Duplicate Abstraction,Effort.DataLoaders,CachingDataLoader,D:\research\architectureSmells\repos1\tamasflamich_effort\Main\Source\Effort.Shared\DataLoaders\CachingDataLoader.cs,The tool detected the smell in this class because a set of code clones has been found and at least one of the clones found in this class. List of code clones with start and end line numbers are:  CachingDataLoader (D:\research\architectureSmells\repos1\tamasflamich_effort\Main\Source\Effort.Shared\DataLoaders\CachingDataLoader.cs' [3' 27])' CachingTableDataLoaderFactory (D:\research\architectureSmells\repos1\tamasflamich_effort\Main\Source\Effort.Shared\DataLoaders\CachingTableDataLoaderFactory.cs' [3' 27])' CachingTableDataLoaderStoreProxy (D:\research\architectureSmells\repos1\tamasflamich_effort\Main\Source\Effort.Shared\DataLoaders\CachingTableDataLoaderStoreProxy.cs' [3' 27])' ColumnDescription (D:\research\architectureSmells\repos1\tamasflamich_effort\Main\Source\Effort.Shared\DataLoaders\ColumnDescription.cs' [3' 27])' CsvTableDataLoader (D:\research\architectureSmells\repos1\tamasflamich_effort\Main\Source\Effort.Shared\DataLoaders\CsvTableDataLoader.cs' [3' 27])' CsvTableDataLoaderFactory (D:\research\architectureSmells\repos1\tamasflamich_effort\Main\Source\Effort.Shared\DataLoaders\CsvTableDataLoaderFactory.cs' [3' 27])' CsvValueConverter (D:\research\architectureSmells\repos1\tamasflamich_effort\Main\Source\Effort.Shared\DataLoaders\CsvValueConverter.cs' [3' 27])' DataLoaderConfigurationLatchProxy (D:\research\architectureSmells\repos1\tamasflamich_effort\Main\Source\Effort.Shared\DataLoaders\DataLoaderConfigurationLatchProxy.cs' [3' 27])' EntityTableDataLoader (D:\research\architectureSmells\repos1\tamasflamich_effort\Main\Source\Effort.Shared\DataLoaders\EntityTableDataLoader.cs' [3' 27])' FileSource (D:\research\architectureSmells\repos1\tamasflamich_effort\Main\Source\Effort.Shared\DataLoaders\FileSource.cs' [3' 27])' ICachingTableDataLoaderStore (D:\research\architectureSmells\repos1\tamasflamich_effort\Main\Source\Effort.Shared\DataLoaders\ICachingTableDataLoaderStore.cs' [3' 27])' ITableDataLoaderFactory (D:\research\architectureSmells\repos1\tamasflamich_effort\Main\Source\Effort.Shared\DataLoaders\ITableDataLoaderFactory.cs' [3' 27])' IValueConverter (D:\research\architectureSmells\repos1\tamasflamich_effort\Main\Source\Effort.Shared\DataLoaders\IValueConverter.cs' [3' 27])' ObjectLoader (D:\research\architectureSmells\repos1\tamasflamich_effort\Main\Source\Effort.Shared\DataLoaders\ObjectLoader.cs' [3' 27])' TableDataLoaderBase (D:\research\architectureSmells\repos1\tamasflamich_effort\Main\Source\Effort.Shared\DataLoaders\TableDataLoaderBase.cs' [3' 27])' CachingTableDataLoader (D:\research\architectureSmells\repos1\tamasflamich_effort\Main\Source\Effort.Shared\DataLoaders\CachingTableDataLoader.cs' [3' 27])' EmptyTableDataLoader (D:\research\architectureSmells\repos1\tamasflamich_effort\Main\Source\Effort.Shared\DataLoaders\EmptyTableDataLoader.cs' [3' 27])' ITableDataLoader (D:\research\architectureSmells\repos1\tamasflamich_effort\Main\Source\Effort.Shared\DataLoaders\ITableDataLoader.cs' [3' 27])' TableDescription (D:\research\architectureSmells\repos1\tamasflamich_effort\Main\Source\Effort.Shared\DataLoaders\TableDescription.cs' [3' 27])' CsvDataLoader (D:\research\architectureSmells\repos1\tamasflamich_effort\Main\Source\Effort.Shared\DataLoaders\CsvDataLoader.cs' [3' 27])' EmptyDataLoader (D:\research\architectureSmells\repos1\tamasflamich_effort\Main\Source\Effort.Shared\DataLoaders\EmptyDataLoader.cs' [3' 27])' EmptyTableDataLoaderFactory (D:\research\architectureSmells\repos1\tamasflamich_effort\Main\Source\Effort.Shared\DataLoaders\EmptyTableDataLoaderFactory.cs' [3' 27])' IDataLoader (D:\research\architectureSmells\repos1\tamasflamich_effort\Main\Source\Effort.Shared\DataLoaders\IDataLoader.cs' [3' 27])' IDataLoaderConfigurationLatch (D:\research\architectureSmells\repos1\tamasflamich_effort\Main\Source\Effort.Shared\DataLoaders\IDataLoaderConfigurationLatch.cs' [3' 27])' FileSystemFileProvider (D:\research\architectureSmells\repos1\tamasflamich_effort\Main\Source\Effort.Shared\DataLoaders\Internal\FileSystemFileProvider.cs' [3' 27])' InvalidFileProvider (D:\research\architectureSmells\repos1\tamasflamich_effort\Main\Source\Effort.Shared\DataLoaders\Internal\InvalidFileProvider.cs' [3' 27])' ResourceFileProvider (D:\research\architectureSmells\repos1\tamasflamich_effort\Main\Source\Effort.Shared\DataLoaders\Internal\ResourceFileProvider.cs' [3' 27])' FileSystemFileReference (D:\research\architectureSmells\repos1\tamasflamich_effort\Main\Source\Effort.Shared\DataLoaders\Internal\FileSystemFileReference.cs' [3' 27])' ResourceFileReference (D:\research\architectureSmells\repos1\tamasflamich_effort\Main\Source\Effort.Shared\DataLoaders\Internal\ResourceFileReference.cs' [3' 27])' EntityConnectionFactory (D:\research\architectureSmells\repos1\tamasflamich_effort\Main\Source\Effort.Shared\EntityConnectionFactory.cs' [3' 27])' ObjectContextFactory (D:\research\architectureSmells\repos1\tamasflamich_effort\Main\Source\Effort.Shared\ObjectContextFactory.cs' [3' 27])' EffortException (D:\research\architectureSmells\repos1\tamasflamich_effort\Main\Source\Effort.Shared\Exceptions\EffortException.cs' [3' 27])' ExceptionMessages (D:\research\architectureSmells\repos1\tamasflamich_effort\Main\Source\Effort.Shared\Exceptions\ExceptionMessages.cs' [3' 27])' CachingTableDataLoaderKey (D:\research\architectureSmells\repos1\tamasflamich_effort\Main\Source\Effort.Shared\Internal\Caching\CachingTableDataLoaderKey.cs' [3' 27])' CachingTableDataLoaderStore (D:\research\architectureSmells\repos1\tamasflamich_effort\Main\Source\Effort.Shared\Internal\Caching\CachingTableDataLoaderStore.cs' [3' 27])' ConcurrentCache<TKey'TElement> (D:\research\architectureSmells\repos1\tamasflamich_effort\Main\Source\Effort.Shared\Internal\Caching\ConcurrentCache`2.cs' [3' 27])' DataLoaderConfigurationKey (D:\research\architectureSmells\repos1\tamasflamich_effort\Main\Source\Effort.Shared\Internal\Caching\DataLoaderConfigurationKey.cs' [3' 27])' DataLoaderConfigurationLatch (D:\research\architectureSmells\repos1\tamasflamich_effort\Main\Source\Effort.Shared\Internal\Caching\DataLoaderConfigurationLatch.cs' [3' 27])' DbContainerStore (D:\research\architectureSmells\repos1\tamasflamich_effort\Main\Source\Effort.Shared\Internal\Caching\DbContainerStore.cs' [3' 27])' DbSchemaKey (D:\research\architectureSmells\repos1\tamasflamich_effort\Main\Source\Effort.Shared\Internal\Caching\DbSchemaKey.cs' [3' 27])' DbSchemaStore (D:\research\architectureSmells\repos1\tamasflamich_effort\Main\Source\Effort.Shared\Internal\Caching\DbSchemaStore.cs' [3' 27])' MetadataWorkspaceStore (D:\research\architectureSmells\repos1\tamasflamich_effort\Main\Source\Effort.Shared\Internal\Caching\MetadataWorkspaceStore.cs' [3' 27])' ObjectContextTypeKey (D:\research\architectureSmells\repos1\tamasflamich_effort\Main\Source\Effort.Shared\Internal\Caching\ObjectContextTypeKey.cs' [3' 27])' ObjectContextTypeStore (D:\research\architectureSmells\repos1\tamasflamich_effort\Main\Source\Effort.Shared\Internal\Caching\ObjectContextTypeStore.cs' [3' 27])' CommandActionFactory (D:\research\architectureSmells\repos1\tamasflamich_effort\Main\Source\Effort.Shared\Internal\CommandActions\CommandActionFactory.cs' [3' 27])' DbCommandActionHelper (D:\research\architectureSmells\repos1\tamasflamich_effort\Main\Source\Effort.Shared\Internal\CommandActions\DbCommandActionHelper.cs' [3' 27])' DeleteCommandAction (D:\research\architectureSmells\repos1\tamasflamich_effort\Main\Source\Effort.Shared\Internal\CommandActions\DeleteCommandAction.cs' [3' 27])' InsertCommandAction (D:\research\architectureSmells\repos1\tamasflamich_effort\Main\Source\Effort.Shared\Internal\CommandActions\InsertCommandAction.cs' [3' 27])' QueryCommandAction (D:\research\architectureSmells\repos1\tamasflamich_effort\Main\Source\Effort.Shared\Internal\CommandActions\QueryCommandAction.cs' [3' 27])' UpdateCommandAction (D:\research\architectureSmells\repos1\tamasflamich_effort\Main\Source\Effort.Shared\Internal\CommandActions\UpdateCommandAction.cs' [3' 27])' CommandTreeBuilder (D:\research\architectureSmells\repos1\tamasflamich_effort\Main\Source\Effort.Shared\Internal\Common\CommandTreeBuilder.cs' [3' 27])' DatabaseReflectionHelper (D:\research\architectureSmells\repos1\tamasflamich_effort\Main\Source\Effort.Shared\Internal\Common\DatabaseReflectionHelper.cs' [3' 27])' EmitHelper (D:\research\architectureSmells\repos1\tamasflamich_effort\Main\Source\Effort.Shared\Internal\Common\EmitHelper.cs' [3' 27])' ExpressionHelper (D:\research\architectureSmells\repos1\tamasflamich_effort\Main\Source\Effort.Shared\Internal\Common\ExpressionHelper.cs' [3' 27])' FastLazy<T> (D:\research\architectureSmells\repos1\tamasflamich_effort\Main\Source\Effort.Shared\Internal\Common\FastLazy`1.cs' [3' 27])' FieldDescription (D:\research\architectureSmells\repos1\tamasflamich_effort\Main\Source\Effort.Shared\Internal\Common\FieldDescription.cs' [3' 27])' MetadataWorkspaceHelper (D:\research\architectureSmells\repos1\tamasflamich_effort\Main\Source\Effort.Shared\Internal\Common\MetadataWorkspaceHelper.cs' [3' 27])' ProviderHelper (D:\research\architectureSmells\repos1\tamasflamich_effort\Main\Source\Effort.Shared\Internal\Common\ProviderHelper.cs' [3' 27])' ReflectionHelper (D:\research\architectureSmells\repos1\tamasflamich_effort\Main\Source\Effort.Shared\Internal\Common\ReflectionHelper.cs' [3' 27])' TupleTypeHelper (D:\research\architectureSmells\repos1\tamasflamich_effort\Main\Source\Effort.Shared\Internal\Common\TupleTypeHelper.cs' [3' 27])' TypeHelper (D:\research\architectureSmells\repos1\tamasflamich_effort\Main\Source\Effort.Shared\Internal\Common\TypeHelper.cs' [3' 27])' AggregatedElementModifier (D:\research\architectureSmells\repos1\tamasflamich_effort\Main\Source\Effort.Shared\Internal\Common\XmlProcessing\AggregatedElementModifier.cs' [3' 27])' ComposedElementModifier (D:\research\architectureSmells\repos1\tamasflamich_effort\Main\Source\Effort.Shared\Internal\Common\XmlProcessing\ComposedElementModifier.cs' [3' 27])' IElementSelector (D:\research\architectureSmells\repos1\tamasflamich_effort\Main\Source\Effort.Shared\Internal\Common\XmlProcessing\IElementSelector.cs' [3' 27])' ModificationContext (D:\research\architectureSmells\repos1\tamasflamich_effort\Main\Source\Effort.Shared\Internal\Common\XmlProcessing\ModificationContext.cs' [3' 27])' SelfElementSelector (D:\research\architectureSmells\repos1\tamasflamich_effort\Main\Source\Effort.Shared\Internal\Common\XmlProcessing\SelfElementSelector.cs' [3' 27])' CanonicalFunctionMapper (D:\research\architectureSmells\repos1\tamasflamich_effort\Main\Source\Effort.Shared\Internal\DbCommandTreeTransformation\CanonicalFunctions.cs' [3' 27])' DbFunctions (D:\research\architectureSmells\repos1\tamasflamich_effort\Main\Source\Effort.Shared\Internal\DbCommandTreeTransformation\DbFunctions.cs' [3' 27])' VariableHandler (D:\research\architectureSmells\repos1\tamasflamich_effort\Main\Source\Effort.Shared\Internal\DbCommandTreeTransformation\VariableHandler.cs' [3' 27])' LinqMethodExpressionBuilder (D:\research\architectureSmells\repos1\tamasflamich_effort\Main\Source\Effort.Shared\Internal\DbCommandTreeTransformation\LinqMethodExpressionBuilder.cs' [3' 27])' LinqMethodProvider (D:\research\architectureSmells\repos1\tamasflamich_effort\Main\Source\Effort.Shared\Internal\DbCommandTreeTransformation\LinqMethodProvider.cs' [3' 27])' MethodInfoGroup (D:\research\architectureSmells\repos1\tamasflamich_effort\Main\Source\Effort.Shared\Internal\DbCommandTreeTransformation\MethodInfoGroup.cs' [3' 27])' NullableEnumerableExtensionMethods (D:\research\architectureSmells\repos1\tamasflamich_effort\Main\Source\Effort.Shared\Internal\DbCommandTreeTransformation\NullableEnumerableExtensionMethods.cs' [3' 27])' VariableCollection (D:\research\architectureSmells\repos1\tamasflamich_effort\Main\Source\Effort.Shared\Internal\DbCommandTreeTransformation\VariableCollection.cs' [3' 27])' BareSchemaBase (D:\research\architectureSmells\repos1\tamasflamich_effort\Main\Source\Effort.Shared\Internal\DbManagement\Schema\BareSchemaBase.cs' [3' 27])' DbRelationInfo (D:\research\architectureSmells\repos1\tamasflamich_effort\Main\Source\Effort.Shared\Internal\DbManagement\Schema\DbRelationInfo.cs' [3' 27])' DynamicBareSchema (D:\research\architectureSmells\repos1\tamasflamich_effort\Main\Source\Effort.Shared\Internal\DbManagement\Schema\DynamicBareSchema.cs' [3' 27])' DbTableInfo (D:\research\architectureSmells\repos1\tamasflamich_effort\Main\Source\Effort.Shared\Internal\DbManagement\Schema\DbTableInfo.cs' [3' 27])' IBareSchema (D:\research\architectureSmells\repos1\tamasflamich_effort\Main\Source\Effort.Shared\Internal\DbManagement\Schema\IBareSchema.cs' [3' 27])' KeyInfoHelper (D:\research\architectureSmells\repos1\tamasflamich_effort\Main\Source\Effort.Shared\Internal\DbManagement\Schema\KeyInfoHelper.cs' [3' 27])' AssociationInfo (D:\research\architectureSmells\repos1\tamasflamich_effort\Main\Source\Effort.Shared\Internal\DbManagement\Schema\Configuration\AssociationInfo.cs' [3' 27])' EntityInfo (D:\research\architectureSmells\repos1\tamasflamich_effort\Main\Source\Effort.Shared\Internal\DbManagement\Schema\Configuration\EntityInfo.cs' [3' 27])' RelationConfigurationGroup (D:\research\architectureSmells\repos1\tamasflamich_effort\Main\Source\Effort.Shared\Internal\DbManagement\Schema\Configuration\RelationConfigurationGroup.cs' [3' 27])' TableConfigurationGroup (D:\research\architectureSmells\repos1\tamasflamich_effort\Main\Source\Effort.Shared\Internal\DbManagement\Schema\Configuration\TableConfigurationGroup.cs' [3' 27])' CharLimitConfiguration (D:\research\architectureSmells\repos1\tamasflamich_effort\Main\Source\Effort.Shared\Internal\DbManagement\Schema\Configuration\CharLimitConfiguration.cs' [3' 27])' NotNullConfiguration (D:\research\architectureSmells\repos1\tamasflamich_effort\Main\Source\Effort.Shared\Internal\DbManagement\Schema\Configuration\NotNullConfiguration.cs' [3' 27])' PrimaryKeyConfiguration (D:\research\architectureSmells\repos1\tamasflamich_effort\Main\Source\Effort.Shared\Internal\DbManagement\Schema\Configuration\PrimaryKeyConfiguration.cs' [3' 27])' EntityPropertyInfo (D:\research\architectureSmells\repos1\tamasflamich_effort\Main\Source\Effort.Shared\Internal\DbManagement\Schema\Configuration\EntityPropertyInfo.cs' [3' 27])' GeneratedGuidConfiguration (D:\research\architectureSmells\repos1\tamasflamich_effort\Main\Source\Effort.Shared\Internal\DbManagement\Schema\Configuration\GeneratedGuidConfiguration.cs' [3' 27])' IdentityConfiguration (D:\research\architectureSmells\repos1\tamasflamich_effort\Main\Source\Effort.Shared\Internal\DbManagement\Schema\Configuration\IdentityConfiguration.cs' [3' 27])' RelationConfiguration (D:\research\architectureSmells\repos1\tamasflamich_effort\Main\Source\Effort.Shared\Internal\DbManagement\Schema\Configuration\RelationConfiguration.cs' [3' 27])' VarcharLimitConfiguration (D:\research\architectureSmells\repos1\tamasflamich_effort\Main\Source\Effort.Shared\Internal\DbManagement\Schema\Configuration\VarcharLimitConfiguration.cs' [3' 27])' ConstraintFactories (D:\research\architectureSmells\repos1\tamasflamich_effort\Main\Source\Effort.Shared\Internal\DbManagement\Schema\Constraints\ConstraintFactories.cs' [3' 27])' GeneratedGuidConstraintFactory<TEntity> (D:\research\architectureSmells\repos1\tamasflamich_effort\Main\Source\Effort.Shared\Internal\DbManagement\Schema\Constraints\GeneratedGuidConstraintFactory`1.cs' [3' 27])' CommonPropertyElementModifier (D:\research\architectureSmells\repos1\tamasflamich_effort\Main\Source\Effort.Shared\Internal\StorageSchema\CommonPropertyElementModifier.cs' [3' 27])' FunctionTypeAttributeModifier (D:\research\architectureSmells\repos1\tamasflamich_effort\Main\Source\Effort.Shared\Internal\StorageSchema\FunctionTypeAttributeModifier.cs' [3' 27])' ModificationContextHelper (D:\research\architectureSmells\repos1\tamasflamich_effort\Main\Source\Effort.Shared\Internal\StorageSchema\ModificationContextHelper.cs' [3' 27])' PropertyTypeAttributeModifier (D:\research\architectureSmells\repos1\tamasflamich_effort\Main\Source\Effort.Shared\Internal\StorageSchema\PropertyTypeAttributeModifier.cs' [3' 27])' ProviderAttributeModifier (D:\research\architectureSmells\repos1\tamasflamich_effort\Main\Source\Effort.Shared\Internal\StorageSchema\ProviderAttributeModifier.cs' [3' 27])' ProviderAttributeSelector (D:\research\architectureSmells\repos1\tamasflamich_effort\Main\Source\Effort.Shared\Internal\StorageSchema\ProviderAttributeSelector.cs' [3' 27])' ProviderManifestTokenAttributeModifier (D:\research\architectureSmells\repos1\tamasflamich_effort\Main\Source\Effort.Shared\Internal\StorageSchema\ProviderManifestTokenAttributeModifier.cs' [3' 27])' ProviderManifestTokenAttributeSelector (D:\research\architectureSmells\repos1\tamasflamich_effort\Main\Source\Effort.Shared\Internal\StorageSchema\ProviderManifestTokenAttributeSelector.cs' [3' 27])' ProviderParser (D:\research\architectureSmells\repos1\tamasflamich_effort\Main\Source\Effort.Shared\Internal\StorageSchema\ProviderParser.cs' [3' 27])' ReturnTypeAttributeSelector (D:\research\architectureSmells\repos1\tamasflamich_effort\Main\Source\Effort.Shared\Internal\StorageSchema\ReturnTypeAttributeSelector.cs' [3' 27])' StorageSchemaV1Modifier (D:\research\architectureSmells\repos1\tamasflamich_effort\Main\Source\Effort.Shared\Internal\StorageSchema\StorageSchemaV1Modifier.cs' [3' 27])' StorageSchemaV2Modifier (D:\research\architectureSmells\repos1\tamasflamich_effort\Main\Source\Effort.Shared\Internal\StorageSchema\StorageSchemaV2Modifier.cs' [3' 27])' StorageSchemaV3Modifier (D:\research\architectureSmells\repos1\tamasflamich_effort\Main\Source\Effort.Shared\Internal\StorageSchema\StorageSchemaV3Modifier.cs' [3' 27])' TypeAttributeSelector (D:\research\architectureSmells\repos1\tamasflamich_effort\Main\Source\Effort.Shared\Internal\StorageSchema\TypeAttributeSelector.cs' [3' 27])' UniversalStorageSchemaModifier (D:\research\architectureSmells\repos1\tamasflamich_effort\Main\Source\Effort.Shared\Internal\StorageSchema\UniversalStorageSchemaModifier.cs' [3' 27])' EntityTypePropertyElementSelector (D:\research\architectureSmells\repos1\tamasflamich_effort\Main\Source\Effort.Shared\Internal\StorageSchema\EntityTypePropertyElementSelector.cs' [3' 27])' FunctionElementSelector (D:\research\architectureSmells\repos1\tamasflamich_effort\Main\Source\Effort.Shared\Internal\StorageSchema\FunctionElementSelector.cs' [3' 27])' FunctionParameterElementSelector (D:\research\architectureSmells\repos1\tamasflamich_effort\Main\Source\Effort.Shared\Internal\StorageSchema\FunctionParameterElementSelector.cs' [3' 27])' FunctionReturnRowTypePropertyElementSelector (D:\research\architectureSmells\repos1\tamasflamich_effort\Main\Source\Effort.Shared\Internal\StorageSchema\FunctionReturnRowTypePropertyElementSelector.cs' [3' 27])' DefaultTypeConverter (D:\research\architectureSmells\repos1\tamasflamich_effort\Main\Source\Effort.Shared\Internal\TypeConversion\DefaultTypeConverter.cs' [3' 27])' EdmTypeConverter (D:\research\architectureSmells\repos1\tamasflamich_effort\Main\Source\Effort.Shared\Internal\TypeConversion\EdmTypeConverter.cs' [3' 27])' ITypeConverter (D:\research\architectureSmells\repos1\tamasflamich_effort\Main\Source\Effort.Shared\Internal\TypeConversion\ITypeConverter.cs' [3' 27])' EffortCommand (D:\research\architectureSmells\repos1\tamasflamich_effort\Main\Source\Effort.Shared\Provider\EffortCommand.cs' [3' 27])' EffortConnectionStringBuilder (D:\research\architectureSmells\repos1\tamasflamich_effort\Main\Source\Effort.Shared\Provider\EffortConnectionStringBuilder.cs' [3' 27])' EffortDataReader (D:\research\architectureSmells\repos1\tamasflamich_effort\Main\Source\Effort.Shared\Provider\EffortDataReader.cs' [3' 27])' EffortEntityCommand (D:\research\architectureSmells\repos1\tamasflamich_effort\Main\Source\Effort.Shared\Provider\EffortEntityCommand.cs' [3' 27])' EffortParameterCollection (D:\research\architectureSmells\repos1\tamasflamich_effort\Main\Source\Effort.Shared\Provider\EffortParameterCollection.cs' [3' 27])' EffortProviderConfiguration (D:\research\architectureSmells\repos1\tamasflamich_effort\Main\Source\Effort.Shared\Provider\EffortProviderConfiguration.cs' [3' 27])' EffortProviderManifest (D:\research\architectureSmells\repos1\tamasflamich_effort\Main\Source\Effort.Shared\Provider\EffortProviderManifest.cs' [3' 27])' EffortProviderManifestTokens (D:\research\architectureSmells\repos1\tamasflamich_effort\Main\Source\Effort.Shared\Provider\EffortProviderManifestTokens.cs' [3' 27])' EffortProviderServices (D:\research\architectureSmells\repos1\tamasflamich_effort\Main\Source\Effort.Shared\Provider\EffortProviderServices.cs' [3' 27])' EffortCommandBase (D:\research\architectureSmells\repos1\tamasflamich_effort\Main\Source\Effort.Shared\Provider\EffortCommandBase.cs' [3' 27])' EffortParameter (D:\research\architectureSmells\repos1\tamasflamich_effort\Main\Source\Effort.Shared\Provider\EffortParameter.cs' [3' 27])' EffortProviderFactory (D:\research\architectureSmells\repos1\tamasflamich_effort\Main\Source\Effort.Shared\Provider\EffortProviderFactory.cs' [3' 27])' EffortVersion (D:\research\architectureSmells\repos1\tamasflamich_effort\Main\Source\Effort.Shared\Provider\EffortVersion.cs' [3' 27])' IDbManager (D:\research\architectureSmells\repos1\tamasflamich_effort\Main\Source\Effort.Shared\Provider\IDbManager.cs' [3' 27])
Duplicate Abstraction,Effort.DataLoaders,CachingDataLoader,D:\research\architectureSmells\repos1\tamasflamich_effort\Main\Source\Effort.Shared\DataLoaders\CachingDataLoader.cs,The tool detected the smell in this class because a set of code clones has been found and at least one of the clones found in this class. List of code clones with start and end line numbers are:  CachingDataLoader (D:\research\architectureSmells\repos1\tamasflamich_effort\Main\Source\Effort.Shared\DataLoaders\CachingDataLoader.cs' [3' 24])' EntityTableDataLoaderFactory (D:\research\architectureSmells\repos1\tamasflamich_effort\Main\Source\Effort.Shared\DataLoaders\EntityTableDataLoaderFactory.cs' [3' 24])' FileSystemFileProvider (D:\research\architectureSmells\repos1\tamasflamich_effort\Main\Source\Effort.Shared\DataLoaders\Internal\FileSystemFileProvider.cs' [3' 24])' FileSystemFileReference (D:\research\architectureSmells\repos1\tamasflamich_effort\Main\Source\Effort.Shared\DataLoaders\Internal\FileSystemFileReference.cs' [3' 24])' IFileProvider (D:\research\architectureSmells\repos1\tamasflamich_effort\Main\Source\Effort.Shared\DataLoaders\Internal\IFileProvider.cs' [3' 24])' InvalidFileProvider (D:\research\architectureSmells\repos1\tamasflamich_effort\Main\Source\Effort.Shared\DataLoaders\Internal\InvalidFileProvider.cs' [3' 24])' ResourceFileProvider (D:\research\architectureSmells\repos1\tamasflamich_effort\Main\Source\Effort.Shared\DataLoaders\Internal\ResourceFileProvider.cs' [3' 24])' ResourceFileReference (D:\research\architectureSmells\repos1\tamasflamich_effort\Main\Source\Effort.Shared\DataLoaders\Internal\ResourceFileReference.cs' [3' 24])' DbConnectionFactory (D:\research\architectureSmells\repos1\tamasflamich_effort\Main\Source\Effort.Shared\DbConnectionFactory.cs' [3' 24])' EntityConnectionFactory (D:\research\architectureSmells\repos1\tamasflamich_effort\Main\Source\Effort.Shared\EntityConnectionFactory.cs' [3' 24])' ObjectContextFactory (D:\research\architectureSmells\repos1\tamasflamich_effort\Main\Source\Effort.Shared\ObjectContextFactory.cs' [3' 24])' EffortException (D:\research\architectureSmells\repos1\tamasflamich_effort\Main\Source\Effort.Shared\Exceptions\EffortException.cs' [3' 24])' ExceptionMessages (D:\research\architectureSmells\repos1\tamasflamich_effort\Main\Source\Effort.Shared\Exceptions\ExceptionMessages.cs' [3' 24])' CachingTableDataLoaderKey (D:\research\architectureSmells\repos1\tamasflamich_effort\Main\Source\Effort.Shared\Internal\Caching\CachingTableDataLoaderKey.cs' [3' 24])' CachingTableDataLoaderStore (D:\research\architectureSmells\repos1\tamasflamich_effort\Main\Source\Effort.Shared\Internal\Caching\CachingTableDataLoaderStore.cs' [3' 24])' ConcurrentCache<TKey'TElement> (D:\research\architectureSmells\repos1\tamasflamich_effort\Main\Source\Effort.Shared\Internal\Caching\ConcurrentCache`2.cs' [3' 24])' DataLoaderConfigurationKey (D:\research\architectureSmells\repos1\tamasflamich_effort\Main\Source\Effort.Shared\Internal\Caching\DataLoaderConfigurationKey.cs' [3' 24])' DataLoaderConfigurationLatch (D:\research\architectureSmells\repos1\tamasflamich_effort\Main\Source\Effort.Shared\Internal\Caching\DataLoaderConfigurationLatch.cs' [3' 24])' DataLoaderConfigurationLatchStore (D:\research\architectureSmells\repos1\tamasflamich_effort\Main\Source\Effort.Shared\Internal\Caching\DataLoaderConfigurationLatchStore.cs' [3' 24])' DbContainerStore (D:\research\architectureSmells\repos1\tamasflamich_effort\Main\Source\Effort.Shared\Internal\Caching\DbContainerStore.cs' [3' 24])' DbSchemaKey (D:\research\architectureSmells\repos1\tamasflamich_effort\Main\Source\Effort.Shared\Internal\Caching\DbSchemaKey.cs' [3' 24])' DbSchemaStore (D:\research\architectureSmells\repos1\tamasflamich_effort\Main\Source\Effort.Shared\Internal\Caching\DbSchemaStore.cs' [3' 24])' MetadataWorkspaceStore (D:\research\architectureSmells\repos1\tamasflamich_effort\Main\Source\Effort.Shared\Internal\Caching\MetadataWorkspaceStore.cs' [3' 24])' ObjectContextTypeKey (D:\research\architectureSmells\repos1\tamasflamich_effort\Main\Source\Effort.Shared\Internal\Caching\ObjectContextTypeKey.cs' [3' 24])' ObjectContextTypeStore (D:\research\architectureSmells\repos1\tamasflamich_effort\Main\Source\Effort.Shared\Internal\Caching\ObjectContextTypeStore.cs' [3' 24])' ActionContext (D:\research\architectureSmells\repos1\tamasflamich_effort\Main\Source\Effort.Shared\Internal\CommandActions\ActionContext.cs' [3' 24])' CommandActionFactory (D:\research\architectureSmells\repos1\tamasflamich_effort\Main\Source\Effort.Shared\Internal\CommandActions\CommandActionFactory.cs' [3' 24])' CommandActionParameter (D:\research\architectureSmells\repos1\tamasflamich_effort\Main\Source\Effort.Shared\Internal\CommandActions\CommandActionParameter.cs' [3' 24])' DbCommandActionHelper (D:\research\architectureSmells\repos1\tamasflamich_effort\Main\Source\Effort.Shared\Internal\CommandActions\DbCommandActionHelper.cs' [3' 24])' DeleteCommandAction (D:\research\architectureSmells\repos1\tamasflamich_effort\Main\Source\Effort.Shared\Internal\CommandActions\DeleteCommandAction.cs' [3' 24])' ICommandAction (D:\research\architectureSmells\repos1\tamasflamich_effort\Main\Source\Effort.Shared\Internal\CommandActions\ICommandAction.cs' [3' 24])' InsertCommandAction (D:\research\architectureSmells\repos1\tamasflamich_effort\Main\Source\Effort.Shared\Internal\CommandActions\InsertCommandAction.cs' [3' 24])' QueryCommandAction (D:\research\architectureSmells\repos1\tamasflamich_effort\Main\Source\Effort.Shared\Internal\CommandActions\QueryCommandAction.cs' [3' 24])' UpdateCommandAction (D:\research\architectureSmells\repos1\tamasflamich_effort\Main\Source\Effort.Shared\Internal\CommandActions\UpdateCommandAction.cs' [3' 24])' CommandTreeBuilder (D:\research\architectureSmells\repos1\tamasflamich_effort\Main\Source\Effort.Shared\Internal\Common\CommandTreeBuilder.cs' [3' 24])' DatabaseReflectionHelper (D:\research\architectureSmells\repos1\tamasflamich_effort\Main\Source\Effort.Shared\Internal\Common\DatabaseReflectionHelper.cs' [3' 24])' EdmHelper (D:\research\architectureSmells\repos1\tamasflamich_effort\Main\Source\Effort.Shared\Internal\Common\EdmHelper.cs' [3' 24])' EmitHelper (D:\research\architectureSmells\repos1\tamasflamich_effort\Main\Source\Effort.Shared\Internal\Common\EmitHelper.cs' [3' 24])' ExpressionHelper (D:\research\architectureSmells\repos1\tamasflamich_effort\Main\Source\Effort.Shared\Internal\Common\ExpressionHelper.cs' [3' 24])' FastLazy<T> (D:\research\architectureSmells\repos1\tamasflamich_effort\Main\Source\Effort.Shared\Internal\Common\FastLazy`1.cs' [3' 24])' FieldDescription (D:\research\architectureSmells\repos1\tamasflamich_effort\Main\Source\Effort.Shared\Internal\Common\FieldDescription.cs' [3' 24])' MetadataWorkspaceHelper (D:\research\architectureSmells\repos1\tamasflamich_effort\Main\Source\Effort.Shared\Internal\Common\MetadataWorkspaceHelper.cs' [3' 24])' ProviderHelper (D:\research\architectureSmells\repos1\tamasflamich_effort\Main\Source\Effort.Shared\Internal\Common\ProviderHelper.cs' [3' 24])' ReflectionHelper (D:\research\architectureSmells\repos1\tamasflamich_effort\Main\Source\Effort.Shared\Internal\Common\ReflectionHelper.cs' [3' 24])' TupleTypeHelper (D:\research\architectureSmells\repos1\tamasflamich_effort\Main\Source\Effort.Shared\Internal\Common\TupleTypeHelper.cs' [3' 24])' TypeHelper (D:\research\architectureSmells\repos1\tamasflamich_effort\Main\Source\Effort.Shared\Internal\Common\TypeHelper.cs' [3' 24])' TypeUsageHelper (D:\research\architectureSmells\repos1\tamasflamich_effort\Main\Source\Effort.Shared\Internal\Common\TypeUsageHelper.cs' [3' 24])' AggregatedElementModifier (D:\research\architectureSmells\repos1\tamasflamich_effort\Main\Source\Effort.Shared\Internal\Common\XmlProcessing\AggregatedElementModifier.cs' [3' 24])' ComposedElementModifier (D:\research\architectureSmells\repos1\tamasflamich_effort\Main\Source\Effort.Shared\Internal\Common\XmlProcessing\ComposedElementModifier.cs' [3' 24])' IAttributeModifier (D:\research\architectureSmells\repos1\tamasflamich_effort\Main\Source\Effort.Shared\Internal\Common\XmlProcessing\IAttributeModifier.cs' [3' 24])' IElementAttributeSelector (D:\research\architectureSmells\repos1\tamasflamich_effort\Main\Source\Effort.Shared\Internal\Common\XmlProcessing\IElementAttributeSelector.cs' [3' 24])' IElementModifier (D:\research\architectureSmells\repos1\tamasflamich_effort\Main\Source\Effort.Shared\Internal\Common\XmlProcessing\IElementModifier.cs' [3' 24])' IElementSelector (D:\research\architectureSmells\repos1\tamasflamich_effort\Main\Source\Effort.Shared\Internal\Common\XmlProcessing\IElementSelector.cs' [3' 24])' IElementVisitor (D:\research\architectureSmells\repos1\tamasflamich_effort\Main\Source\Effort.Shared\Internal\Common\XmlProcessing\IElementVisitor`1.cs' [3' 24])' IModificationContext (D:\research\architectureSmells\repos1\tamasflamich_effort\Main\Source\Effort.Shared\Internal\Common\XmlProcessing\IModificationContext.cs' [3' 24])' ModificationContext (D:\research\architectureSmells\repos1\tamasflamich_effort\Main\Source\Effort.Shared\Internal\Common\XmlProcessing\ModificationContext.cs' [3' 24])' SelfElementSelector (D:\research\architectureSmells\repos1\tamasflamich_effort\Main\Source\Effort.Shared\Internal\Common\XmlProcessing\SelfElementSelector.cs' [3' 24])' CanonicalFunctionMapper (D:\research\architectureSmells\repos1\tamasflamich_effort\Main\Source\Effort.Shared\Internal\DbCommandTreeTransformation\CanonicalFunctions.cs' [3' 24])' DbFunctions (D:\research\architectureSmells\repos1\tamasflamich_effort\Main\Source\Effort.Shared\Internal\DbCommandTreeTransformation\DbFunctions.cs' [3' 24])' EntitySetSearchVisitor (D:\research\architectureSmells\repos1\tamasflamich_effort\Main\Source\Effort.Shared\Internal\DbCommandTreeTransformation\EntitySetSearchVisitor.cs' [3' 24])' IDbMethodProvider (D:\research\architectureSmells\repos1\tamasflamich_effort\Main\Source\Effort.Shared\Internal\DbCommandTreeTransformation\IDbMethodProvider.cs' [3' 24])' ITableProvider (D:\research\architectureSmells\repos1\tamasflamich_effort\Main\Source\Effort.Shared\Internal\DbCommandTreeTransformation\ITableProvider.cs' [3' 24])' LinqMethodExpressionBuilder (D:\research\architectureSmells\repos1\tamasflamich_effort\Main\Source\Effort.Shared\Internal\DbCommandTreeTransformation\LinqMethodExpressionBuilder.cs' [3' 24])' LinqMethodProvider (D:\research\architectureSmells\repos1\tamasflamich_effort\Main\Source\Effort.Shared\Internal\DbCommandTreeTransformation\LinqMethodProvider.cs' [3' 24])' MethodInfoGroup (D:\research\architectureSmells\repos1\tamasflamich_effort\Main\Source\Effort.Shared\Internal\DbCommandTreeTransformation\MethodInfoGroup.cs' [3' 24])' NullableEnumerableExtensionMethods (D:\research\architectureSmells\repos1\tamasflamich_effort\Main\Source\Effort.Shared\Internal\DbCommandTreeTransformation\NullableEnumerableExtensionMethods.cs' [3' 24])' SingleResult<T> (D:\research\architectureSmells\repos1\tamasflamich_effort\Main\Source\Effort.Shared\Internal\DbCommandTreeTransformation\SingleResult.cs' [3' 24])' TransformVisitor (D:\research\architectureSmells\repos1\tamasflamich_effort\Main\Source\Effort.Shared\Internal\DbCommandTreeTransformation\TransformVisitor.And.cs' [3' 24])' TraversalVisitor (D:\research\architectureSmells\repos1\tamasflamich_effort\Main\Source\Effort.Shared\Internal\DbCommandTreeTransformation\TraversalVisitor.cs' [3' 24])' Variable (D:\research\architectureSmells\repos1\tamasflamich_effort\Main\Source\Effort.Shared\Internal\DbCommandTreeTransformation\Variable.cs' [3' 24])' VariableCollection (D:\research\architectureSmells\repos1\tamasflamich_effort\Main\Source\Effort.Shared\Internal\DbCommandTreeTransformation\VariableCollection.cs' [3' 24])' VariableHandler (D:\research\architectureSmells\repos1\tamasflamich_effort\Main\Source\Effort.Shared\Internal\DbCommandTreeTransformation\VariableHandler.cs' [3' 24])' DateTimeFunctions (D:\research\architectureSmells\repos1\tamasflamich_effort\Main\Source\Effort.Shared\Internal\DbCommandTreeTransformation\Functions\DateTimeFunctions.cs' [3' 24])' DateTimeOffsetFunctions (D:\research\architectureSmells\repos1\tamasflamich_effort\Main\Source\Effort.Shared\Internal\DbCommandTreeTransformation\Functions\DateTimeOffsetFunctions.cs' [3' 24])' DecimalFunctions (D:\research\architectureSmells\repos1\tamasflamich_effort\Main\Source\Effort.Shared\Internal\DbCommandTreeTransformation\Functions\DecimalFunctions.cs' [3' 24])' DoubleFunctions (D:\research\architectureSmells\repos1\tamasflamich_effort\Main\Source\Effort.Shared\Internal\DbCommandTreeTransformation\Functions\DoubleFunctions.cs' [3' 24])' GuidFunctions (D:\research\architectureSmells\repos1\tamasflamich_effort\Main\Source\Effort.Shared\Internal\DbCommandTreeTransformation\Functions\GuidFunctions.cs' [3' 24])' IntegerFunctions (D:\research\architectureSmells\repos1\tamasflamich_effort\Main\Source\Effort.Shared\Internal\DbCommandTreeTransformation\Functions\IntegerFunctions.cs' [3' 24])' StringFunctions (D:\research\architectureSmells\repos1\tamasflamich_effort\Main\Source\Effort.Shared\Internal\DbCommandTreeTransformation\Functions\StringFunctions.cs' [3' 24])' TimeFunctions (D:\research\architectureSmells\repos1\tamasflamich_effort\Main\Source\Effort.Shared\Internal\DbCommandTreeTransformation\Functions\TimeFunctions.cs' [3' 24])' CanonicalContainer (D:\research\architectureSmells\repos1\tamasflamich_effort\Main\Source\Effort.Shared\Internal\DbManagement\CanonicalContainer.cs' [3' 24])' DbContainer (D:\research\architectureSmells\repos1\tamasflamich_effort\Main\Source\Effort.Shared\Internal\DbManagement\DbContainer.cs' [3' 24])' DbContainerManagerWrapper (D:\research\architectureSmells\repos1\tamasflamich_effort\Main\Source\Effort.Shared\Internal\DbManagement\DbContainerManagerWrapper.cs' [3' 24])' DbContainerParameters (D:\research\architectureSmells\repos1\tamasflamich_effort\Main\Source\Effort.Shared\Internal\DbManagement\DbContainerParameters.cs' [3' 24])' DbExtensions (D:\research\architectureSmells\repos1\tamasflamich_effort\Main\Source\Effort.Shared\Internal\DbManagement\DbExtensions.cs' [3' 24])' DbMethodProvider (D:\research\architectureSmells\repos1\tamasflamich_effort\Main\Source\Effort.Shared\Internal\DbManagement\DbMethodProvider.cs' [3' 24])' DatabaseComponentFactory (D:\research\architectureSmells\repos1\tamasflamich_effort\Main\Source\Effort.Shared\Internal\DbManagement\Engine\DatabaseComponentFactory.cs' [3' 24])' ExtendedQueryCompiler (D:\research\architectureSmells\repos1\tamasflamich_effort\Main\Source\Effort.Shared\Internal\DbManagement\Engine\ExtendedQueryCompiler.cs' [3' 24])' ExtendedTable<TEntity'TPrimaryKey> (D:\research\architectureSmells\repos1\tamasflamich_effort\Main\Source\Effort.Shared\Internal\DbManagement\Engine\ExtendedTable`2.cs' [3' 24])' IExtendedTable (D:\research\architectureSmells\repos1\tamasflamich_effort\Main\Source\Effort.Shared\Internal\DbManagement\Engine\IExtendedTable.cs' [3' 24])' ExtendedTableService (D:\research\architectureSmells\repos1\tamasflamich_effort\Main\Source\Effort.Shared\Internal\DbManagement\Engine\Services\ExtendedTableService.cs' [3' 24])' ExcrescentInitializationCleanserVisitor (D:\research\architectureSmells\repos1\tamasflamich_effort\Main\Source\Effort.Shared\Internal\DbManagement\Engine\Rewriters\ExcrescentInitializationCleanserVisitor.cs' [3' 24])' ExcrescentSingleResultCleanserVisitor (D:\research\architectureSmells\repos1\tamasflamich_effort\Main\Source\Effort.Shared\Internal\DbManagement\Engine\Rewriters\ExcrescentSingleResultCleanserVisitor.cs' [3' 24])' SumTransformerVisitor (D:\research\architectureSmells\repos1\tamasflamich_effort\Main\Source\Effort.Shared\Internal\DbManagement\Engine\Rewriters\SumTransformerVisitor.cs' [3' 24])' DataRowKeyInfoService (D:\research\architectureSmells\repos1\tamasflamich_effort\Main\Source\Effort.Shared\Internal\DbManagement\Engine\Services\DataRowKeyInfoService.cs' [3' 24])' BareSchemaBase (D:\research\architectureSmells\repos1\tamasflamich_effort\Main\Source\Effort.Shared\Internal\DbManagement\Schema\BareSchemaBase.cs' [3' 24])' DbRelationInfo (D:\research\architectureSmells\repos1\tamasflamich_effort\Main\Source\Effort.Shared\Internal\DbManagement\Schema\DbRelationInfo.cs' [3' 24])' DbSchema (D:\research\architectureSmells\repos1\tamasflamich_effort\Main\Source\Effort.Shared\Internal\DbManagement\Schema\DbSchema.cs' [3' 24])' DbSchemaFactory (D:\research\architectureSmells\repos1\tamasflamich_effort\Main\Source\Effort.Shared\Internal\DbManagement\Schema\DbSchemaFactory.cs' [3' 24])' DbTableInfo (D:\research\architectureSmells\repos1\tamasflamich_effort\Main\Source\Effort.Shared\Internal\DbManagement\Schema\DbTableInfo.cs' [3' 24])' DynamicBareSchema (D:\research\architectureSmells\repos1\tamasflamich_effort\Main\Source\Effort.Shared\Internal\DbManagement\Schema\DynamicBareSchema.cs' [3' 24])' IBareSchema (D:\research\architectureSmells\repos1\tamasflamich_effort\Main\Source\Effort.Shared\Internal\DbManagement\Schema\IBareSchema.cs' [3' 24])' KeyInfoHelper (D:\research\architectureSmells\repos1\tamasflamich_effort\Main\Source\Effort.Shared\Internal\DbManagement\Schema\KeyInfoHelper.cs' [3' 24])' TableName (D:\research\architectureSmells\repos1\tamasflamich_effort\Main\Source\Effort.Shared\Internal\DbManagement\Schema\TableName.cs' [3' 24])' AssociationInfo (D:\research\architectureSmells\repos1\tamasflamich_effort\Main\Source\Effort.Shared\Internal\DbManagement\Schema\Configuration\AssociationInfo.cs' [3' 24])' AssociationTableInfo (D:\research\architectureSmells\repos1\tamasflamich_effort\Main\Source\Effort.Shared\Internal\DbManagement\Schema\Configuration\AssociationTableInfo.cs' [3' 24])' BareSchemaConfiguration (D:\research\architectureSmells\repos1\tamasflamich_effort\Main\Source\Effort.Shared\Internal\DbManagement\Schema\Configuration\BareSchemaConfiguration.cs' [3' 24])' CharLimitConfiguration (D:\research\architectureSmells\repos1\tamasflamich_effort\Main\Source\Effort.Shared\Internal\DbManagement\Schema\Configuration\CharLimitConfiguration.cs' [3' 24])' EntityInfo (D:\research\architectureSmells\repos1\tamasflamich_effort\Main\Source\Effort.Shared\Internal\DbManagement\Schema\Configuration\EntityInfo.cs' [3' 24])' EntityPropertyInfo (D:\research\architectureSmells\repos1\tamasflamich_effort\Main\Source\Effort.Shared\Internal\DbManagement\Schema\Configuration\EntityPropertyInfo.cs' [3' 24])' GeneratedGuidConfiguration (D:\research\architectureSmells\repos1\tamasflamich_effort\Main\Source\Effort.Shared\Internal\DbManagement\Schema\Configuration\GeneratedGuidConfiguration.cs' [3' 24])' IdentityConfiguration (D:\research\architectureSmells\repos1\tamasflamich_effort\Main\Source\Effort.Shared\Internal\DbManagement\Schema\Configuration\IdentityConfiguration.cs' [3' 24])' IndexConfiguration (D:\research\architectureSmells\repos1\tamasflamich_effort\Main\Source\Effort.Shared\Internal\DbManagement\Schema\Configuration\IndexConfiguration.cs' [3' 24])' IndexInfo (D:\research\architectureSmells\repos1\tamasflamich_effort\Main\Source\Effort.Shared\Internal\DbManagement\Schema\Configuration\IndexInfo.cs' [3' 24])' IRelationConfiguration (D:\research\architectureSmells\repos1\tamasflamich_effort\Main\Source\Effort.Shared\Internal\DbManagement\Schema\Configuration\IRelationConfiguration.cs' [3' 24])' ITableConfiguration (D:\research\architectureSmells\repos1\tamasflamich_effort\Main\Source\Effort.Shared\Internal\DbManagement\Schema\Configuration\ITableConfiguration.cs' [3' 24])' NotNullConfiguration (D:\research\architectureSmells\repos1\tamasflamich_effort\Main\Source\Effort.Shared\Internal\DbManagement\Schema\Configuration\NotNullConfiguration.cs' [3' 24])' PrimaryKeyConfiguration (D:\research\architectureSmells\repos1\tamasflamich_effort\Main\Source\Effort.Shared\Internal\DbManagement\Schema\Configuration\PrimaryKeyConfiguration.cs' [3' 24])' RelationConfiguration (D:\research\architectureSmells\repos1\tamasflamich_effort\Main\Source\Effort.Shared\Internal\DbManagement\Schema\Configuration\RelationConfiguration.cs' [3' 24])' RelationConfigurationGroup (D:\research\architectureSmells\repos1\tamasflamich_effort\Main\Source\Effort.Shared\Internal\DbManagement\Schema\Configuration\RelationConfigurationGroup.cs' [3' 24])' TableConfigurationGroup (D:\research\architectureSmells\repos1\tamasflamich_effort\Main\Source\Effort.Shared\Internal\DbManagement\Schema\Configuration\TableConfigurationGroup.cs' [3' 24])' VarcharLimitConfiguration (D:\research\architectureSmells\repos1\tamasflamich_effort\Main\Source\Effort.Shared\Internal\DbManagement\Schema\Configuration\VarcharLimitConfiguration.cs' [3' 24])' CharLimitConstraintFactory<TEntity> (D:\research\architectureSmells\repos1\tamasflamich_effort\Main\Source\Effort.Shared\Internal\DbManagement\Schema\Constraints\CharLimitConstraintFactory`1.cs' [3' 24])' ConstraintFactories (D:\research\architectureSmells\repos1\tamasflamich_effort\Main\Source\Effort.Shared\Internal\DbManagement\Schema\Constraints\ConstraintFactories.cs' [3' 24])' ConstraintFactoryBase<TEntity'TMember> (D:\research\architectureSmells\repos1\tamasflamich_effort\Main\Source\Effort.Shared\Internal\DbManagement\Schema\Constraints\ConstraintFactoryBase`2.cs' [3' 24])' GeneratedGuidConstraintFactory<TEntity> (D:\research\architectureSmells\repos1\tamasflamich_effort\Main\Source\Effort.Shared\Internal\DbManagement\Schema\Constraints\GeneratedGuidConstraintFactory`1.cs' [3' 24])' NotNullableConstraintFactory<TEntity'TMember> (D:\research\architectureSmells\repos1\tamasflamich_effort\Main\Source\Effort.Shared\Internal\DbManagement\Schema\Constraints\NotNullableConstraintFactory`2.cs' [3' 24])' VarCharLimitConstraintFactory<TEntity> (D:\research\architectureSmells\repos1\tamasflamich_effort\Main\Source\Effort.Shared\Internal\DbManagement\Schema\Constraints\VarCharLimitConstraintFactory`1.cs' [3' 24])' ILogger (D:\research\architectureSmells\repos1\tamasflamich_effort\Main\Source\Effort.Shared\Internal\Diagnostics\ILogger.cs' [3' 24])' Logger (D:\research\architectureSmells\repos1\tamasflamich_effort\Main\Source\Effort.Shared\Internal\Diagnostics\Logger.cs' [3' 24])' CommonPropertyElementModifier (D:\research\architectureSmells\repos1\tamasflamich_effort\Main\Source\Effort.Shared\Internal\StorageSchema\CommonPropertyElementModifier.cs' [3' 24])' EffortProviderInformation (D:\research\architectureSmells\repos1\tamasflamich_effort\Main\Source\Effort.Shared\Internal\StorageSchema\EffortProviderInformation.cs' [3' 24])' EntityTypePropertyElementSelector (D:\research\architectureSmells\repos1\tamasflamich_effort\Main\Source\Effort.Shared\Internal\StorageSchema\EntityTypePropertyElementSelector.cs' [3' 24])' FunctionElementSelector (D:\research\architectureSmells\repos1\tamasflamich_effort\Main\Source\Effort.Shared\Internal\StorageSchema\FunctionElementSelector.cs' [3' 24])' FunctionParameterElementSelector (D:\research\architectureSmells\repos1\tamasflamich_effort\Main\Source\Effort.Shared\Internal\StorageSchema\FunctionParameterElementSelector.cs' [3' 24])' FunctionReturnRowTypePropertyElementSelector (D:\research\architectureSmells\repos1\tamasflamich_effort\Main\Source\Effort.Shared\Internal\StorageSchema\FunctionReturnRowTypePropertyElementSelector.cs' [3' 24])' FunctionTypeAttributeModifier (D:\research\architectureSmells\repos1\tamasflamich_effort\Main\Source\Effort.Shared\Internal\StorageSchema\FunctionTypeAttributeModifier.cs' [3' 24])' IProviderInformation (D:\research\architectureSmells\repos1\tamasflamich_effort\Main\Source\Effort.Shared\Internal\StorageSchema\IProviderInformation.cs' [3' 24])' ModificationContextHelper (D:\research\architectureSmells\repos1\tamasflamich_effort\Main\Source\Effort.Shared\Internal\StorageSchema\ModificationContextHelper.cs' [3' 24])' ModificationFunctionMappingModifier (D:\research\architectureSmells\repos1\tamasflamich_effort\Main\Source\Effort.Shared\Internal\StorageSchema\ModificationFunctionMappingModifier.cs' [3' 24])' PropertyTypeAttributeModifier (D:\research\architectureSmells\repos1\tamasflamich_effort\Main\Source\Effort.Shared\Internal\StorageSchema\PropertyTypeAttributeModifier.cs' [3' 24])' ProviderAttributeModifier (D:\research\architectureSmells\repos1\tamasflamich_effort\Main\Source\Effort.Shared\Internal\StorageSchema\ProviderAttributeModifier.cs' [3' 24])' ProviderAttributeSelector (D:\research\architectureSmells\repos1\tamasflamich_effort\Main\Source\Effort.Shared\Internal\StorageSchema\ProviderAttributeSelector.cs' [3' 24])' ProviderInformation (D:\research\architectureSmells\repos1\tamasflamich_effort\Main\Source\Effort.Shared\Internal\StorageSchema\ProviderInformation.cs' [3' 24])' ProviderManifestTokenAttributeModifier (D:\research\architectureSmells\repos1\tamasflamich_effort\Main\Source\Effort.Shared\Internal\StorageSchema\ProviderManifestTokenAttributeModifier.cs' [3' 24])' ProviderManifestTokenAttributeSelector (D:\research\architectureSmells\repos1\tamasflamich_effort\Main\Source\Effort.Shared\Internal\StorageSchema\ProviderManifestTokenAttributeSelector.cs' [3' 24])' ProviderParser (D:\research\architectureSmells\repos1\tamasflamich_effort\Main\Source\Effort.Shared\Internal\StorageSchema\ProviderParser.cs' [3' 24])' ReturnTypeAttributeSelector (D:\research\architectureSmells\repos1\tamasflamich_effort\Main\Source\Effort.Shared\Internal\StorageSchema\ReturnTypeAttributeSelector.cs' [3' 24])' StorageSchemaContentNameProvider (D:\research\architectureSmells\repos1\tamasflamich_effort\Main\Source\Effort.Shared\Internal\StorageSchema\StorageSchemaContentNameProvider.cs' [3' 24])' StorageSchemaNamespaces (D:\research\architectureSmells\repos1\tamasflamich_effort\Main\Source\Effort.Shared\Internal\StorageSchema\StorageSchemaNamespaces.cs' [3' 24])' StorageSchemaV1Modifier (D:\research\architectureSmells\repos1\tamasflamich_effort\Main\Source\Effort.Shared\Internal\StorageSchema\StorageSchemaV1Modifier.cs' [3' 24])' StorageSchemaV2Modifier (D:\research\architectureSmells\repos1\tamasflamich_effort\Main\Source\Effort.Shared\Internal\StorageSchema\StorageSchemaV2Modifier.cs' [3' 24])' StorageSchemaV3Modifier (D:\research\architectureSmells\repos1\tamasflamich_effort\Main\Source\Effort.Shared\Internal\StorageSchema\StorageSchemaV3Modifier.cs' [3' 24])' StorageTypeConverter (D:\research\architectureSmells\repos1\tamasflamich_effort\Main\Source\Effort.Shared\Internal\StorageSchema\StorageTypeConverter.cs' [3' 24])' TypeAttributeSelector (D:\research\architectureSmells\repos1\tamasflamich_effort\Main\Source\Effort.Shared\Internal\StorageSchema\TypeAttributeSelector.cs' [3' 24])' UniversalStorageSchemaModifier (D:\research\architectureSmells\repos1\tamasflamich_effort\Main\Source\Effort.Shared\Internal\StorageSchema\UniversalStorageSchemaModifier.cs' [3' 24])' DefaultTypeConverter (D:\research\architectureSmells\repos1\tamasflamich_effort\Main\Source\Effort.Shared\Internal\TypeConversion\DefaultTypeConverter.cs' [3' 24])' EdmTypeConverter (D:\research\architectureSmells\repos1\tamasflamich_effort\Main\Source\Effort.Shared\Internal\TypeConversion\EdmTypeConverter.cs' [3' 24])' FacetInfo (D:\research\architectureSmells\repos1\tamasflamich_effort\Main\Source\Effort.Shared\Internal\TypeConversion\FacetInformation.cs' [3' 24])' ITypeConverter (D:\research\architectureSmells\repos1\tamasflamich_effort\Main\Source\Effort.Shared\Internal\TypeConversion\ITypeConverter.cs' [3' 24])' EffortCommand (D:\research\architectureSmells\repos1\tamasflamich_effort\Main\Source\Effort.Shared\Provider\EffortCommand.cs' [3' 24])' EffortCommandBase (D:\research\architectureSmells\repos1\tamasflamich_effort\Main\Source\Effort.Shared\Provider\EffortCommandBase.cs' [3' 24])' EffortCommandDefinition (D:\research\architectureSmells\repos1\tamasflamich_effort\Main\Source\Effort.Shared\Provider\EffortCommandDefinition.cs' [3' 24])' EffortConnection (D:\research\architectureSmells\repos1\tamasflamich_effort\Main\Source\Effort.Shared\Provider\EffortConnection.cs' [3' 24])' EffortConnectionStringBuilder (D:\research\architectureSmells\repos1\tamasflamich_effort\Main\Source\Effort.Shared\Provider\EffortConnectionStringBuilder.cs' [3' 24])' EffortDataReader (D:\research\architectureSmells\repos1\tamasflamich_effort\Main\Source\Effort.Shared\Provider\EffortDataReader.cs' [3' 24])' EffortEntityCommand (D:\research\architectureSmells\repos1\tamasflamich_effort\Main\Source\Effort.Shared\Provider\EffortEntityCommand.cs' [3' 24])' EffortParameter (D:\research\architectureSmells\repos1\tamasflamich_effort\Main\Source\Effort.Shared\Provider\EffortParameter.cs' [3' 24])' EffortParameterCollection (D:\research\architectureSmells\repos1\tamasflamich_effort\Main\Source\Effort.Shared\Provider\EffortParameterCollection.cs' [3' 24])' EffortProviderConfiguration (D:\research\architectureSmells\repos1\tamasflamich_effort\Main\Source\Effort.Shared\Provider\EffortProviderConfiguration.cs' [3' 24])' EffortProviderFactory (D:\research\architectureSmells\repos1\tamasflamich_effort\Main\Source\Effort.Shared\Provider\EffortProviderFactory.cs' [3' 24])' EffortProviderInvariantName (D:\research\architectureSmells\repos1\tamasflamich_effort\Main\Source\Effort.Shared\Provider\EffortProviderInvariantName.cs' [3' 24])' EffortProviderManifest (D:\research\architectureSmells\repos1\tamasflamich_effort\Main\Source\Effort.Shared\Provider\EffortProviderManifest.cs' [3' 24])' EffortProviderManifestTokens (D:\research\architectureSmells\repos1\tamasflamich_effort\Main\Source\Effort.Shared\Provider\EffortProviderManifestTokens.cs' [3' 24])' EffortProviderServices (D:\research\architectureSmells\repos1\tamasflamich_effort\Main\Source\Effort.Shared\Provider\EffortProviderServices.cs' [3' 24])' EffortTransaction (D:\research\architectureSmells\repos1\tamasflamich_effort\Main\Source\Effort.Shared\Provider\EffortTransaction.cs' [3' 24])' EffortVersion (D:\research\architectureSmells\repos1\tamasflamich_effort\Main\Source\Effort.Shared\Provider\EffortVersion.cs' [3' 24])' IDbManager (D:\research\architectureSmells\repos1\tamasflamich_effort\Main\Source\Effort.Shared\Provider\IDbManager.cs' [3' 24])' CachingTableDataLoader (D:\research\architectureSmells\repos1\tamasflamich_effort\Main\Source\Effort.Shared\DataLoaders\CachingTableDataLoader.cs' [3' 24])' CachingTableDataLoaderFactory (D:\research\architectureSmells\repos1\tamasflamich_effort\Main\Source\Effort.Shared\DataLoaders\CachingTableDataLoaderFactory.cs' [3' 24])' CachingTableDataLoaderStoreProxy (D:\research\architectureSmells\repos1\tamasflamich_effort\Main\Source\Effort.Shared\DataLoaders\CachingTableDataLoaderStoreProxy.cs' [3' 24])' ColumnDescription (D:\research\architectureSmells\repos1\tamasflamich_effort\Main\Source\Effort.Shared\DataLoaders\ColumnDescription.cs' [3' 24])' CsvDataLoader (D:\research\architectureSmells\repos1\tamasflamich_effort\Main\Source\Effort.Shared\DataLoaders\CsvDataLoader.cs' [3' 24])' CsvTableDataLoader (D:\research\architectureSmells\repos1\tamasflamich_effort\Main\Source\Effort.Shared\DataLoaders\CsvTableDataLoader.cs' [3' 24])' CsvTableDataLoaderFactory (D:\research\architectureSmells\repos1\tamasflamich_effort\Main\Source\Effort.Shared\DataLoaders\CsvTableDataLoaderFactory.cs' [3' 24])' CsvValueConverter (D:\research\architectureSmells\repos1\tamasflamich_effort\Main\Source\Effort.Shared\DataLoaders\CsvValueConverter.cs' [3' 24])' DataLoaderConfigurationLatchProxy (D:\research\architectureSmells\repos1\tamasflamich_effort\Main\Source\Effort.Shared\DataLoaders\DataLoaderConfigurationLatchProxy.cs' [3' 24])' EmptyDataLoader (D:\research\architectureSmells\repos1\tamasflamich_effort\Main\Source\Effort.Shared\DataLoaders\EmptyDataLoader.cs' [3' 24])' EmptyTableDataLoader (D:\research\architectureSmells\repos1\tamasflamich_effort\Main\Source\Effort.Shared\DataLoaders\EmptyTableDataLoader.cs' [3' 24])' EmptyTableDataLoaderFactory (D:\research\architectureSmells\repos1\tamasflamich_effort\Main\Source\Effort.Shared\DataLoaders\EmptyTableDataLoaderFactory.cs' [3' 24])' EntityDataLoader (D:\research\architectureSmells\repos1\tamasflamich_effort\Main\Source\Effort.Shared\DataLoaders\EntityDataLoader.cs' [3' 24])' EntityTableDataLoader (D:\research\architectureSmells\repos1\tamasflamich_effort\Main\Source\Effort.Shared\DataLoaders\EntityTableDataLoader.cs' [3' 24])' FileSource (D:\research\architectureSmells\repos1\tamasflamich_effort\Main\Source\Effort.Shared\DataLoaders\FileSource.cs' [3' 24])' ICachingTableDataLoaderStore (D:\research\architectureSmells\repos1\tamasflamich_effort\Main\Source\Effort.Shared\DataLoaders\ICachingTableDataLoaderStore.cs' [3' 24])' IDataLoader (D:\research\architectureSmells\repos1\tamasflamich_effort\Main\Source\Effort.Shared\DataLoaders\IDataLoader.cs' [3' 24])' IDataLoaderConfigurationLatch (D:\research\architectureSmells\repos1\tamasflamich_effort\Main\Source\Effort.Shared\DataLoaders\IDataLoaderConfigurationLatch.cs' [3' 24])' IFileReference (D:\research\architectureSmells\repos1\tamasflamich_effort\Main\Source\Effort.Shared\DataLoaders\IFileReference.cs' [3' 24])' ITableDataLoader (D:\research\architectureSmells\repos1\tamasflamich_effort\Main\Source\Effort.Shared\DataLoaders\ITableDataLoader.cs' [3' 24])' ITableDataLoaderFactory (D:\research\architectureSmells\repos1\tamasflamich_effort\Main\Source\Effort.Shared\DataLoaders\ITableDataLoaderFactory.cs' [3' 24])' IValueConverter (D:\research\architectureSmells\repos1\tamasflamich_effort\Main\Source\Effort.Shared\DataLoaders\IValueConverter.cs' [3' 24])' ObjectLoader (D:\research\architectureSmells\repos1\tamasflamich_effort\Main\Source\Effort.Shared\DataLoaders\ObjectLoader.cs' [3' 24])' TableDataLoaderBase (D:\research\architectureSmells\repos1\tamasflamich_effort\Main\Source\Effort.Shared\DataLoaders\TableDataLoaderBase.cs' [3' 24])' TableDescription (D:\research\architectureSmells\repos1\tamasflamich_effort\Main\Source\Effort.Shared\DataLoaders\TableDescription.cs' [3' 24])' ExtendedServiceProvider (D:\research\architectureSmells\repos1\tamasflamich_effort\Main\Source\Effort.Shared\Internal\DbManagement\Engine\ExtendedServiceProvider.cs' [3' 24])' DbTableInfoBuilder (D:\research\architectureSmells\repos1\tamasflamich_effort\Main\Source\Effort.Shared\Internal\DbManagement\Schema\DbTableInfoBuilder.cs' [3' 24])' DataRowKeyInfo<TEntity'TKey> (D:\research\architectureSmells\repos1\tamasflamich_effort\Main\Source\Effort.Shared\Internal\DbManagement\Engine\Services\DataRowKeyInfo.cs' [3' 24])' DbSchemaBuilder (D:\research\architectureSmells\repos1\tamasflamich_effort\Main\Source\Effort.Shared\Internal\DbManagement\Schema\DbSchemaBuilder.cs' [3' 24])' DataRow (D:\research\architectureSmells\repos1\tamasflamich_effort\Main\Source\Effort.Shared\Internal\TypeGeneration\DataRow.cs' [3' 24])' DataRowFactory (D:\research\architectureSmells\repos1\tamasflamich_effort\Main\Source\Effort.Shared\Internal\TypeGeneration\DataRowFactory.cs' [3' 24])' DataRowPropertyAttribute (D:\research\architectureSmells\repos1\tamasflamich_effort\Main\Source\Effort.Shared\Internal\TypeGeneration\DataRowPropertyAttribute.cs' [3' 24])' LargeDataRowAttribute (D:\research\architectureSmells\repos1\tamasflamich_effort\Main\Source\Effort.Shared\Internal\TypeGeneration\LargeDataRowAttribute.cs' [3' 24])' DataRowKeyInfoHelper (D:\research\architectureSmells\repos1\tamasflamich_effort\Main\Source\Effort.Shared\Internal\DbManagement\Engine\Services\DataRowKeyInfoHelper.cs' [3' 24])
Duplicate Abstraction,Effort.DataLoaders,CachingDataLoader,D:\research\architectureSmells\repos1\tamasflamich_effort\Main\Source\Effort.Shared\DataLoaders\CachingDataLoader.cs,The tool detected the smell in this class because a set of code clones has been found and at least one of the clones found in this class. List of code clones with start and end line numbers are:  CachingDataLoader (D:\research\architectureSmells\repos1\tamasflamich_effort\Main\Source\Effort.Shared\DataLoaders\CachingDataLoader.cs' [3' 22])' ExtendedServiceProvider (D:\research\architectureSmells\repos1\tamasflamich_effort\Main\Source\Effort.Shared\Internal\DbManagement\Engine\ExtendedServiceProvider.cs' [3' 22])' DataRowKeyInfo<TEntity'TKey> (D:\research\architectureSmells\repos1\tamasflamich_effort\Main\Source\Effort.Shared\Internal\DbManagement\Engine\Services\DataRowKeyInfo.cs' [3' 22])' DataRowKeyInfoHelper (D:\research\architectureSmells\repos1\tamasflamich_effort\Main\Source\Effort.Shared\Internal\DbManagement\Engine\Services\DataRowKeyInfoHelper.cs' [3' 22])' DbSchemaBuilder (D:\research\architectureSmells\repos1\tamasflamich_effort\Main\Source\Effort.Shared\Internal\DbManagement\Schema\DbSchemaBuilder.cs' [3' 22])' DbTableInfoBuilder (D:\research\architectureSmells\repos1\tamasflamich_effort\Main\Source\Effort.Shared\Internal\DbManagement\Schema\DbTableInfoBuilder.cs' [3' 22])' DataRow (D:\research\architectureSmells\repos1\tamasflamich_effort\Main\Source\Effort.Shared\Internal\TypeGeneration\DataRow.cs' [3' 22])' DataRowFactory (D:\research\architectureSmells\repos1\tamasflamich_effort\Main\Source\Effort.Shared\Internal\TypeGeneration\DataRowFactory.cs' [3' 22])' DataRowPropertyAttribute (D:\research\architectureSmells\repos1\tamasflamich_effort\Main\Source\Effort.Shared\Internal\TypeGeneration\DataRowPropertyAttribute.cs' [3' 22])' LargeDataRowAttribute (D:\research\architectureSmells\repos1\tamasflamich_effort\Main\Source\Effort.Shared\Internal\TypeGeneration\LargeDataRowAttribute.cs' [3' 22])' CachingTableDataLoader (D:\research\architectureSmells\repos1\tamasflamich_effort\Main\Source\Effort.Shared\DataLoaders\CachingTableDataLoader.cs' [3' 22])' CachingTableDataLoaderFactory (D:\research\architectureSmells\repos1\tamasflamich_effort\Main\Source\Effort.Shared\DataLoaders\CachingTableDataLoaderFactory.cs' [3' 22])' CachingTableDataLoaderStoreProxy (D:\research\architectureSmells\repos1\tamasflamich_effort\Main\Source\Effort.Shared\DataLoaders\CachingTableDataLoaderStoreProxy.cs' [3' 22])' ColumnDescription (D:\research\architectureSmells\repos1\tamasflamich_effort\Main\Source\Effort.Shared\DataLoaders\ColumnDescription.cs' [3' 22])' CsvDataLoader (D:\research\architectureSmells\repos1\tamasflamich_effort\Main\Source\Effort.Shared\DataLoaders\CsvDataLoader.cs' [3' 22])' CsvTableDataLoader (D:\research\architectureSmells\repos1\tamasflamich_effort\Main\Source\Effort.Shared\DataLoaders\CsvTableDataLoader.cs' [3' 22])' CsvTableDataLoaderFactory (D:\research\architectureSmells\repos1\tamasflamich_effort\Main\Source\Effort.Shared\DataLoaders\CsvTableDataLoaderFactory.cs' [3' 22])' CsvValueConverter (D:\research\architectureSmells\repos1\tamasflamich_effort\Main\Source\Effort.Shared\DataLoaders\CsvValueConverter.cs' [3' 22])' DataLoaderConfigurationLatchProxy (D:\research\architectureSmells\repos1\tamasflamich_effort\Main\Source\Effort.Shared\DataLoaders\DataLoaderConfigurationLatchProxy.cs' [3' 22])' EmptyDataLoader (D:\research\architectureSmells\repos1\tamasflamich_effort\Main\Source\Effort.Shared\DataLoaders\EmptyDataLoader.cs' [3' 22])' EmptyTableDataLoader (D:\research\architectureSmells\repos1\tamasflamich_effort\Main\Source\Effort.Shared\DataLoaders\EmptyTableDataLoader.cs' [3' 22])' EmptyTableDataLoaderFactory (D:\research\architectureSmells\repos1\tamasflamich_effort\Main\Source\Effort.Shared\DataLoaders\EmptyTableDataLoaderFactory.cs' [3' 22])' EntityDataLoader (D:\research\architectureSmells\repos1\tamasflamich_effort\Main\Source\Effort.Shared\DataLoaders\EntityDataLoader.cs' [3' 22])' EntityTableDataLoader (D:\research\architectureSmells\repos1\tamasflamich_effort\Main\Source\Effort.Shared\DataLoaders\EntityTableDataLoader.cs' [3' 22])' EntityTableDataLoaderFactory (D:\research\architectureSmells\repos1\tamasflamich_effort\Main\Source\Effort.Shared\DataLoaders\EntityTableDataLoaderFactory.cs' [3' 22])' FileSource (D:\research\architectureSmells\repos1\tamasflamich_effort\Main\Source\Effort.Shared\DataLoaders\FileSource.cs' [3' 22])' ICachingTableDataLoaderStore (D:\research\architectureSmells\repos1\tamasflamich_effort\Main\Source\Effort.Shared\DataLoaders\ICachingTableDataLoaderStore.cs' [3' 22])' IDataLoader (D:\research\architectureSmells\repos1\tamasflamich_effort\Main\Source\Effort.Shared\DataLoaders\IDataLoader.cs' [3' 22])' IDataLoaderConfigurationLatch (D:\research\architectureSmells\repos1\tamasflamich_effort\Main\Source\Effort.Shared\DataLoaders\IDataLoaderConfigurationLatch.cs' [3' 22])' IFileReference (D:\research\architectureSmells\repos1\tamasflamich_effort\Main\Source\Effort.Shared\DataLoaders\IFileReference.cs' [3' 22])' ITableDataLoader (D:\research\architectureSmells\repos1\tamasflamich_effort\Main\Source\Effort.Shared\DataLoaders\ITableDataLoader.cs' [3' 22])' ITableDataLoaderFactory (D:\research\architectureSmells\repos1\tamasflamich_effort\Main\Source\Effort.Shared\DataLoaders\ITableDataLoaderFactory.cs' [3' 22])' IValueConverter (D:\research\architectureSmells\repos1\tamasflamich_effort\Main\Source\Effort.Shared\DataLoaders\IValueConverter.cs' [3' 22])' ObjectLoader (D:\research\architectureSmells\repos1\tamasflamich_effort\Main\Source\Effort.Shared\DataLoaders\ObjectLoader.cs' [3' 22])' TableDataLoaderBase (D:\research\architectureSmells\repos1\tamasflamich_effort\Main\Source\Effort.Shared\DataLoaders\TableDataLoaderBase.cs' [3' 22])' TableDescription (D:\research\architectureSmells\repos1\tamasflamich_effort\Main\Source\Effort.Shared\DataLoaders\TableDescription.cs' [3' 22])' FileSystemFileProvider (D:\research\architectureSmells\repos1\tamasflamich_effort\Main\Source\Effort.Shared\DataLoaders\Internal\FileSystemFileProvider.cs' [3' 22])' FileSystemFileReference (D:\research\architectureSmells\repos1\tamasflamich_effort\Main\Source\Effort.Shared\DataLoaders\Internal\FileSystemFileReference.cs' [3' 22])' IFileProvider (D:\research\architectureSmells\repos1\tamasflamich_effort\Main\Source\Effort.Shared\DataLoaders\Internal\IFileProvider.cs' [3' 22])' InvalidFileProvider (D:\research\architectureSmells\repos1\tamasflamich_effort\Main\Source\Effort.Shared\DataLoaders\Internal\InvalidFileProvider.cs' [3' 22])' ResourceFileProvider (D:\research\architectureSmells\repos1\tamasflamich_effort\Main\Source\Effort.Shared\DataLoaders\Internal\ResourceFileProvider.cs' [3' 22])' ResourceFileReference (D:\research\architectureSmells\repos1\tamasflamich_effort\Main\Source\Effort.Shared\DataLoaders\Internal\ResourceFileReference.cs' [3' 22])' DbConnectionFactory (D:\research\architectureSmells\repos1\tamasflamich_effort\Main\Source\Effort.Shared\DbConnectionFactory.cs' [3' 22])' EntityConnectionFactory (D:\research\architectureSmells\repos1\tamasflamich_effort\Main\Source\Effort.Shared\EntityConnectionFactory.cs' [3' 22])' ObjectContextFactory (D:\research\architectureSmells\repos1\tamasflamich_effort\Main\Source\Effort.Shared\ObjectContextFactory.cs' [3' 22])' EffortException (D:\research\architectureSmells\repos1\tamasflamich_effort\Main\Source\Effort.Shared\Exceptions\EffortException.cs' [3' 22])' ExceptionMessages (D:\research\architectureSmells\repos1\tamasflamich_effort\Main\Source\Effort.Shared\Exceptions\ExceptionMessages.cs' [3' 22])' CachingTableDataLoaderKey (D:\research\architectureSmells\repos1\tamasflamich_effort\Main\Source\Effort.Shared\Internal\Caching\CachingTableDataLoaderKey.cs' [3' 22])' CachingTableDataLoaderStore (D:\research\architectureSmells\repos1\tamasflamich_effort\Main\Source\Effort.Shared\Internal\Caching\CachingTableDataLoaderStore.cs' [3' 22])' ConcurrentCache<TKey'TElement> (D:\research\architectureSmells\repos1\tamasflamich_effort\Main\Source\Effort.Shared\Internal\Caching\ConcurrentCache`2.cs' [3' 22])' DataLoaderConfigurationKey (D:\research\architectureSmells\repos1\tamasflamich_effort\Main\Source\Effort.Shared\Internal\Caching\DataLoaderConfigurationKey.cs' [3' 22])' DataLoaderConfigurationLatch (D:\research\architectureSmells\repos1\tamasflamich_effort\Main\Source\Effort.Shared\Internal\Caching\DataLoaderConfigurationLatch.cs' [3' 22])' DataLoaderConfigurationLatchStore (D:\research\architectureSmells\repos1\tamasflamich_effort\Main\Source\Effort.Shared\Internal\Caching\DataLoaderConfigurationLatchStore.cs' [3' 22])' DbContainerStore (D:\research\architectureSmells\repos1\tamasflamich_effort\Main\Source\Effort.Shared\Internal\Caching\DbContainerStore.cs' [3' 22])' DbSchemaKey (D:\research\architectureSmells\repos1\tamasflamich_effort\Main\Source\Effort.Shared\Internal\Caching\DbSchemaKey.cs' [3' 22])' DbSchemaStore (D:\research\architectureSmells\repos1\tamasflamich_effort\Main\Source\Effort.Shared\Internal\Caching\DbSchemaStore.cs' [3' 22])' MetadataWorkspaceStore (D:\research\architectureSmells\repos1\tamasflamich_effort\Main\Source\Effort.Shared\Internal\Caching\MetadataWorkspaceStore.cs' [3' 22])' ObjectContextTypeKey (D:\research\architectureSmells\repos1\tamasflamich_effort\Main\Source\Effort.Shared\Internal\Caching\ObjectContextTypeKey.cs' [3' 22])' ObjectContextTypeStore (D:\research\architectureSmells\repos1\tamasflamich_effort\Main\Source\Effort.Shared\Internal\Caching\ObjectContextTypeStore.cs' [3' 22])' ActionContext (D:\research\architectureSmells\repos1\tamasflamich_effort\Main\Source\Effort.Shared\Internal\CommandActions\ActionContext.cs' [3' 22])' CommandActionFactory (D:\research\architectureSmells\repos1\tamasflamich_effort\Main\Source\Effort.Shared\Internal\CommandActions\CommandActionFactory.cs' [3' 22])' CommandActionParameter (D:\research\architectureSmells\repos1\tamasflamich_effort\Main\Source\Effort.Shared\Internal\CommandActions\CommandActionParameter.cs' [3' 22])' DbCommandActionHelper (D:\research\architectureSmells\repos1\tamasflamich_effort\Main\Source\Effort.Shared\Internal\CommandActions\DbCommandActionHelper.cs' [3' 22])' DeleteCommandAction (D:\research\architectureSmells\repos1\tamasflamich_effort\Main\Source\Effort.Shared\Internal\CommandActions\DeleteCommandAction.cs' [3' 22])' ICommandAction (D:\research\architectureSmells\repos1\tamasflamich_effort\Main\Source\Effort.Shared\Internal\CommandActions\ICommandAction.cs' [3' 22])' InsertCommandAction (D:\research\architectureSmells\repos1\tamasflamich_effort\Main\Source\Effort.Shared\Internal\CommandActions\InsertCommandAction.cs' [3' 22])' QueryCommandAction (D:\research\architectureSmells\repos1\tamasflamich_effort\Main\Source\Effort.Shared\Internal\CommandActions\QueryCommandAction.cs' [3' 22])' UpdateCommandAction (D:\research\architectureSmells\repos1\tamasflamich_effort\Main\Source\Effort.Shared\Internal\CommandActions\UpdateCommandAction.cs' [3' 22])' CommandTreeBuilder (D:\research\architectureSmells\repos1\tamasflamich_effort\Main\Source\Effort.Shared\Internal\Common\CommandTreeBuilder.cs' [3' 22])' DatabaseReflectionHelper (D:\research\architectureSmells\repos1\tamasflamich_effort\Main\Source\Effort.Shared\Internal\Common\DatabaseReflectionHelper.cs' [3' 22])' EdmHelper (D:\research\architectureSmells\repos1\tamasflamich_effort\Main\Source\Effort.Shared\Internal\Common\EdmHelper.cs' [3' 22])' EmitHelper (D:\research\architectureSmells\repos1\tamasflamich_effort\Main\Source\Effort.Shared\Internal\Common\EmitHelper.cs' [3' 22])' ExpressionHelper (D:\research\architectureSmells\repos1\tamasflamich_effort\Main\Source\Effort.Shared\Internal\Common\ExpressionHelper.cs' [3' 22])' FastLazy<T> (D:\research\architectureSmells\repos1\tamasflamich_effort\Main\Source\Effort.Shared\Internal\Common\FastLazy`1.cs' [3' 22])' FieldDescription (D:\research\architectureSmells\repos1\tamasflamich_effort\Main\Source\Effort.Shared\Internal\Common\FieldDescription.cs' [3' 22])' MetadataWorkspaceHelper (D:\research\architectureSmells\repos1\tamasflamich_effort\Main\Source\Effort.Shared\Internal\Common\MetadataWorkspaceHelper.cs' [3' 22])' ProviderHelper (D:\research\architectureSmells\repos1\tamasflamich_effort\Main\Source\Effort.Shared\Internal\Common\ProviderHelper.cs' [3' 22])' ReflectionHelper (D:\research\architectureSmells\repos1\tamasflamich_effort\Main\Source\Effort.Shared\Internal\Common\ReflectionHelper.cs' [3' 22])' TupleTypeHelper (D:\research\architectureSmells\repos1\tamasflamich_effort\Main\Source\Effort.Shared\Internal\Common\TupleTypeHelper.cs' [3' 22])' TypeHelper (D:\research\architectureSmells\repos1\tamasflamich_effort\Main\Source\Effort.Shared\Internal\Common\TypeHelper.cs' [3' 22])' TypeUsageHelper (D:\research\architectureSmells\repos1\tamasflamich_effort\Main\Source\Effort.Shared\Internal\Common\TypeUsageHelper.cs' [3' 22])' AggregatedElementModifier (D:\research\architectureSmells\repos1\tamasflamich_effort\Main\Source\Effort.Shared\Internal\Common\XmlProcessing\AggregatedElementModifier.cs' [3' 22])' ComposedElementModifier (D:\research\architectureSmells\repos1\tamasflamich_effort\Main\Source\Effort.Shared\Internal\Common\XmlProcessing\ComposedElementModifier.cs' [3' 22])' IAttributeModifier (D:\research\architectureSmells\repos1\tamasflamich_effort\Main\Source\Effort.Shared\Internal\Common\XmlProcessing\IAttributeModifier.cs' [3' 22])' IElementAttributeSelector (D:\research\architectureSmells\repos1\tamasflamich_effort\Main\Source\Effort.Shared\Internal\Common\XmlProcessing\IElementAttributeSelector.cs' [3' 22])' IElementModifier (D:\research\architectureSmells\repos1\tamasflamich_effort\Main\Source\Effort.Shared\Internal\Common\XmlProcessing\IElementModifier.cs' [3' 22])' IElementSelector (D:\research\architectureSmells\repos1\tamasflamich_effort\Main\Source\Effort.Shared\Internal\Common\XmlProcessing\IElementSelector.cs' [3' 22])' IElementVisitor (D:\research\architectureSmells\repos1\tamasflamich_effort\Main\Source\Effort.Shared\Internal\Common\XmlProcessing\IElementVisitor`1.cs' [3' 22])' IModificationContext (D:\research\architectureSmells\repos1\tamasflamich_effort\Main\Source\Effort.Shared\Internal\Common\XmlProcessing\IModificationContext.cs' [3' 22])' ModificationContext (D:\research\architectureSmells\repos1\tamasflamich_effort\Main\Source\Effort.Shared\Internal\Common\XmlProcessing\ModificationContext.cs' [3' 22])' SelfElementSelector (D:\research\architectureSmells\repos1\tamasflamich_effort\Main\Source\Effort.Shared\Internal\Common\XmlProcessing\SelfElementSelector.cs' [3' 22])' CanonicalFunctionMapper (D:\research\architectureSmells\repos1\tamasflamich_effort\Main\Source\Effort.Shared\Internal\DbCommandTreeTransformation\CanonicalFunctions.cs' [3' 22])' DbFunctions (D:\research\architectureSmells\repos1\tamasflamich_effort\Main\Source\Effort.Shared\Internal\DbCommandTreeTransformation\DbFunctions.cs' [3' 22])' EntitySetSearchVisitor (D:\research\architectureSmells\repos1\tamasflamich_effort\Main\Source\Effort.Shared\Internal\DbCommandTreeTransformation\EntitySetSearchVisitor.cs' [3' 22])' IDbMethodProvider (D:\research\architectureSmells\repos1\tamasflamich_effort\Main\Source\Effort.Shared\Internal\DbCommandTreeTransformation\IDbMethodProvider.cs' [3' 22])' ITableProvider (D:\research\architectureSmells\repos1\tamasflamich_effort\Main\Source\Effort.Shared\Internal\DbCommandTreeTransformation\ITableProvider.cs' [3' 22])' LinqMethodExpressionBuilder (D:\research\architectureSmells\repos1\tamasflamich_effort\Main\Source\Effort.Shared\Internal\DbCommandTreeTransformation\LinqMethodExpressionBuilder.cs' [3' 22])' LinqMethodProvider (D:\research\architectureSmells\repos1\tamasflamich_effort\Main\Source\Effort.Shared\Internal\DbCommandTreeTransformation\LinqMethodProvider.cs' [3' 22])' MethodInfoGroup (D:\research\architectureSmells\repos1\tamasflamich_effort\Main\Source\Effort.Shared\Internal\DbCommandTreeTransformation\MethodInfoGroup.cs' [3' 22])' NullableEnumerableExtensionMethods (D:\research\architectureSmells\repos1\tamasflamich_effort\Main\Source\Effort.Shared\Internal\DbCommandTreeTransformation\NullableEnumerableExtensionMethods.cs' [3' 22])' SingleResult<T> (D:\research\architectureSmells\repos1\tamasflamich_effort\Main\Source\Effort.Shared\Internal\DbCommandTreeTransformation\SingleResult.cs' [3' 22])' TransformVisitor (D:\research\architectureSmells\repos1\tamasflamich_effort\Main\Source\Effort.Shared\Internal\DbCommandTreeTransformation\TransformVisitor.And.cs' [3' 22])' TraversalVisitor (D:\research\architectureSmells\repos1\tamasflamich_effort\Main\Source\Effort.Shared\Internal\DbCommandTreeTransformation\TraversalVisitor.cs' [3' 22])' Variable (D:\research\architectureSmells\repos1\tamasflamich_effort\Main\Source\Effort.Shared\Internal\DbCommandTreeTransformation\Variable.cs' [3' 22])' VariableCollection (D:\research\architectureSmells\repos1\tamasflamich_effort\Main\Source\Effort.Shared\Internal\DbCommandTreeTransformation\VariableCollection.cs' [3' 22])' VariableHandler (D:\research\architectureSmells\repos1\tamasflamich_effort\Main\Source\Effort.Shared\Internal\DbCommandTreeTransformation\VariableHandler.cs' [3' 22])' DateTimeFunctions (D:\research\architectureSmells\repos1\tamasflamich_effort\Main\Source\Effort.Shared\Internal\DbCommandTreeTransformation\Functions\DateTimeFunctions.cs' [3' 22])' DateTimeOffsetFunctions (D:\research\architectureSmells\repos1\tamasflamich_effort\Main\Source\Effort.Shared\Internal\DbCommandTreeTransformation\Functions\DateTimeOffsetFunctions.cs' [3' 22])' DecimalFunctions (D:\research\architectureSmells\repos1\tamasflamich_effort\Main\Source\Effort.Shared\Internal\DbCommandTreeTransformation\Functions\DecimalFunctions.cs' [3' 22])' DoubleFunctions (D:\research\architectureSmells\repos1\tamasflamich_effort\Main\Source\Effort.Shared\Internal\DbCommandTreeTransformation\Functions\DoubleFunctions.cs' [3' 22])' GuidFunctions (D:\research\architectureSmells\repos1\tamasflamich_effort\Main\Source\Effort.Shared\Internal\DbCommandTreeTransformation\Functions\GuidFunctions.cs' [3' 22])' IntegerFunctions (D:\research\architectureSmells\repos1\tamasflamich_effort\Main\Source\Effort.Shared\Internal\DbCommandTreeTransformation\Functions\IntegerFunctions.cs' [3' 22])' StringFunctions (D:\research\architectureSmells\repos1\tamasflamich_effort\Main\Source\Effort.Shared\Internal\DbCommandTreeTransformation\Functions\StringFunctions.cs' [3' 22])' TimeFunctions (D:\research\architectureSmells\repos1\tamasflamich_effort\Main\Source\Effort.Shared\Internal\DbCommandTreeTransformation\Functions\TimeFunctions.cs' [3' 22])' CanonicalContainer (D:\research\architectureSmells\repos1\tamasflamich_effort\Main\Source\Effort.Shared\Internal\DbManagement\CanonicalContainer.cs' [3' 22])' DbContainer (D:\research\architectureSmells\repos1\tamasflamich_effort\Main\Source\Effort.Shared\Internal\DbManagement\DbContainer.cs' [3' 22])' DbContainerManagerWrapper (D:\research\architectureSmells\repos1\tamasflamich_effort\Main\Source\Effort.Shared\Internal\DbManagement\DbContainerManagerWrapper.cs' [3' 22])' DbContainerParameters (D:\research\architectureSmells\repos1\tamasflamich_effort\Main\Source\Effort.Shared\Internal\DbManagement\DbContainerParameters.cs' [3' 22])' DbExtensions (D:\research\architectureSmells\repos1\tamasflamich_effort\Main\Source\Effort.Shared\Internal\DbManagement\DbExtensions.cs' [3' 22])' DbMethodProvider (D:\research\architectureSmells\repos1\tamasflamich_effort\Main\Source\Effort.Shared\Internal\DbManagement\DbMethodProvider.cs' [3' 22])' DatabaseComponentFactory (D:\research\architectureSmells\repos1\tamasflamich_effort\Main\Source\Effort.Shared\Internal\DbManagement\Engine\DatabaseComponentFactory.cs' [3' 22])' ExtendedQueryCompiler (D:\research\architectureSmells\repos1\tamasflamich_effort\Main\Source\Effort.Shared\Internal\DbManagement\Engine\ExtendedQueryCompiler.cs' [3' 22])' ExtendedTable<TEntity'TPrimaryKey> (D:\research\architectureSmells\repos1\tamasflamich_effort\Main\Source\Effort.Shared\Internal\DbManagement\Engine\ExtendedTable`2.cs' [3' 22])' IExtendedTable (D:\research\architectureSmells\repos1\tamasflamich_effort\Main\Source\Effort.Shared\Internal\DbManagement\Engine\IExtendedTable.cs' [3' 22])' ExtendedTableService (D:\research\architectureSmells\repos1\tamasflamich_effort\Main\Source\Effort.Shared\Internal\DbManagement\Engine\Services\ExtendedTableService.cs' [3' 22])' ExcrescentInitializationCleanserVisitor (D:\research\architectureSmells\repos1\tamasflamich_effort\Main\Source\Effort.Shared\Internal\DbManagement\Engine\Rewriters\ExcrescentInitializationCleanserVisitor.cs' [3' 22])' ExcrescentSingleResultCleanserVisitor (D:\research\architectureSmells\repos1\tamasflamich_effort\Main\Source\Effort.Shared\Internal\DbManagement\Engine\Rewriters\ExcrescentSingleResultCleanserVisitor.cs' [3' 22])' SumTransformerVisitor (D:\research\architectureSmells\repos1\tamasflamich_effort\Main\Source\Effort.Shared\Internal\DbManagement\Engine\Rewriters\SumTransformerVisitor.cs' [3' 22])' DataRowKeyInfoService (D:\research\architectureSmells\repos1\tamasflamich_effort\Main\Source\Effort.Shared\Internal\DbManagement\Engine\Services\DataRowKeyInfoService.cs' [3' 22])' ExtendedKeyInfoFactory (D:\research\architectureSmells\repos1\tamasflamich_effort\Main\Source\Effort.Shared\Internal\DbManagement\Engine\Services\ExtendedKeyInfoFactory.cs' [3' 22])' BareSchemaBase (D:\research\architectureSmells\repos1\tamasflamich_effort\Main\Source\Effort.Shared\Internal\DbManagement\Schema\BareSchemaBase.cs' [3' 22])' DbRelationInfo (D:\research\architectureSmells\repos1\tamasflamich_effort\Main\Source\Effort.Shared\Internal\DbManagement\Schema\DbRelationInfo.cs' [3' 22])' DbSchema (D:\research\architectureSmells\repos1\tamasflamich_effort\Main\Source\Effort.Shared\Internal\DbManagement\Schema\DbSchema.cs' [3' 22])' DbSchemaFactory (D:\research\architectureSmells\repos1\tamasflamich_effort\Main\Source\Effort.Shared\Internal\DbManagement\Schema\DbSchemaFactory.cs' [3' 22])' DbTableInfo (D:\research\architectureSmells\repos1\tamasflamich_effort\Main\Source\Effort.Shared\Internal\DbManagement\Schema\DbTableInfo.cs' [3' 22])' DynamicBareSchema (D:\research\architectureSmells\repos1\tamasflamich_effort\Main\Source\Effort.Shared\Internal\DbManagement\Schema\DynamicBareSchema.cs' [3' 22])' IBareSchema (D:\research\architectureSmells\repos1\tamasflamich_effort\Main\Source\Effort.Shared\Internal\DbManagement\Schema\IBareSchema.cs' [3' 22])' KeyInfoHelper (D:\research\architectureSmells\repos1\tamasflamich_effort\Main\Source\Effort.Shared\Internal\DbManagement\Schema\KeyInfoHelper.cs' [3' 22])' TableName (D:\research\architectureSmells\repos1\tamasflamich_effort\Main\Source\Effort.Shared\Internal\DbManagement\Schema\TableName.cs' [3' 22])' AssociationInfo (D:\research\architectureSmells\repos1\tamasflamich_effort\Main\Source\Effort.Shared\Internal\DbManagement\Schema\Configuration\AssociationInfo.cs' [3' 22])' AssociationTableInfo (D:\research\architectureSmells\repos1\tamasflamich_effort\Main\Source\Effort.Shared\Internal\DbManagement\Schema\Configuration\AssociationTableInfo.cs' [3' 22])' BareSchemaConfiguration (D:\research\architectureSmells\repos1\tamasflamich_effort\Main\Source\Effort.Shared\Internal\DbManagement\Schema\Configuration\BareSchemaConfiguration.cs' [3' 22])' CharLimitConfiguration (D:\research\architectureSmells\repos1\tamasflamich_effort\Main\Source\Effort.Shared\Internal\DbManagement\Schema\Configuration\CharLimitConfiguration.cs' [3' 22])' EntityInfo (D:\research\architectureSmells\repos1\tamasflamich_effort\Main\Source\Effort.Shared\Internal\DbManagement\Schema\Configuration\EntityInfo.cs' [3' 22])' EntityPropertyInfo (D:\research\architectureSmells\repos1\tamasflamich_effort\Main\Source\Effort.Shared\Internal\DbManagement\Schema\Configuration\EntityPropertyInfo.cs' [3' 22])' GeneratedGuidConfiguration (D:\research\architectureSmells\repos1\tamasflamich_effort\Main\Source\Effort.Shared\Internal\DbManagement\Schema\Configuration\GeneratedGuidConfiguration.cs' [3' 22])' IdentityConfiguration (D:\research\architectureSmells\repos1\tamasflamich_effort\Main\Source\Effort.Shared\Internal\DbManagement\Schema\Configuration\IdentityConfiguration.cs' [3' 22])' IndexConfiguration (D:\research\architectureSmells\repos1\tamasflamich_effort\Main\Source\Effort.Shared\Internal\DbManagement\Schema\Configuration\IndexConfiguration.cs' [3' 22])' IndexInfo (D:\research\architectureSmells\repos1\tamasflamich_effort\Main\Source\Effort.Shared\Internal\DbManagement\Schema\Configuration\IndexInfo.cs' [3' 22])' IRelationConfiguration (D:\research\architectureSmells\repos1\tamasflamich_effort\Main\Source\Effort.Shared\Internal\DbManagement\Schema\Configuration\IRelationConfiguration.cs' [3' 22])' ITableConfiguration (D:\research\architectureSmells\repos1\tamasflamich_effort\Main\Source\Effort.Shared\Internal\DbManagement\Schema\Configuration\ITableConfiguration.cs' [3' 22])' NotNullConfiguration (D:\research\architectureSmells\repos1\tamasflamich_effort\Main\Source\Effort.Shared\Internal\DbManagement\Schema\Configuration\NotNullConfiguration.cs' [3' 22])' PrimaryKeyConfiguration (D:\research\architectureSmells\repos1\tamasflamich_effort\Main\Source\Effort.Shared\Internal\DbManagement\Schema\Configuration\PrimaryKeyConfiguration.cs' [3' 22])' RelationConfiguration (D:\research\architectureSmells\repos1\tamasflamich_effort\Main\Source\Effort.Shared\Internal\DbManagement\Schema\Configuration\RelationConfiguration.cs' [3' 22])' RelationConfigurationGroup (D:\research\architectureSmells\repos1\tamasflamich_effort\Main\Source\Effort.Shared\Internal\DbManagement\Schema\Configuration\RelationConfigurationGroup.cs' [3' 22])' TableConfigurationGroup (D:\research\architectureSmells\repos1\tamasflamich_effort\Main\Source\Effort.Shared\Internal\DbManagement\Schema\Configuration\TableConfigurationGroup.cs' [3' 22])' VarcharLimitConfiguration (D:\research\architectureSmells\repos1\tamasflamich_effort\Main\Source\Effort.Shared\Internal\DbManagement\Schema\Configuration\VarcharLimitConfiguration.cs' [3' 22])' CharLimitConstraintFactory<TEntity> (D:\research\architectureSmells\repos1\tamasflamich_effort\Main\Source\Effort.Shared\Internal\DbManagement\Schema\Constraints\CharLimitConstraintFactory`1.cs' [3' 22])' ConstraintFactories (D:\research\architectureSmells\repos1\tamasflamich_effort\Main\Source\Effort.Shared\Internal\DbManagement\Schema\Constraints\ConstraintFactories.cs' [3' 22])' ConstraintFactoryBase<TEntity'TMember> (D:\research\architectureSmells\repos1\tamasflamich_effort\Main\Source\Effort.Shared\Internal\DbManagement\Schema\Constraints\ConstraintFactoryBase`2.cs' [3' 22])' GeneratedGuidConstraintFactory<TEntity> (D:\research\architectureSmells\repos1\tamasflamich_effort\Main\Source\Effort.Shared\Internal\DbManagement\Schema\Constraints\GeneratedGuidConstraintFactory`1.cs' [3' 22])' NotNullableConstraintFactory<TEntity'TMember> (D:\research\architectureSmells\repos1\tamasflamich_effort\Main\Source\Effort.Shared\Internal\DbManagement\Schema\Constraints\NotNullableConstraintFactory`2.cs' [3' 22])' VarCharLimitConstraintFactory<TEntity> (D:\research\architectureSmells\repos1\tamasflamich_effort\Main\Source\Effort.Shared\Internal\DbManagement\Schema\Constraints\VarCharLimitConstraintFactory`1.cs' [3' 22])' ILogger (D:\research\architectureSmells\repos1\tamasflamich_effort\Main\Source\Effort.Shared\Internal\Diagnostics\ILogger.cs' [3' 22])' Logger (D:\research\architectureSmells\repos1\tamasflamich_effort\Main\Source\Effort.Shared\Internal\Diagnostics\Logger.cs' [3' 22])' CommonPropertyElementModifier (D:\research\architectureSmells\repos1\tamasflamich_effort\Main\Source\Effort.Shared\Internal\StorageSchema\CommonPropertyElementModifier.cs' [3' 22])' EffortProviderInformation (D:\research\architectureSmells\repos1\tamasflamich_effort\Main\Source\Effort.Shared\Internal\StorageSchema\EffortProviderInformation.cs' [3' 22])' EntityTypePropertyElementSelector (D:\research\architectureSmells\repos1\tamasflamich_effort\Main\Source\Effort.Shared\Internal\StorageSchema\EntityTypePropertyElementSelector.cs' [3' 22])' FunctionElementSelector (D:\research\architectureSmells\repos1\tamasflamich_effort\Main\Source\Effort.Shared\Internal\StorageSchema\FunctionElementSelector.cs' [3' 22])' FunctionParameterElementSelector (D:\research\architectureSmells\repos1\tamasflamich_effort\Main\Source\Effort.Shared\Internal\StorageSchema\FunctionParameterElementSelector.cs' [3' 22])' FunctionReturnRowTypePropertyElementSelector (D:\research\architectureSmells\repos1\tamasflamich_effort\Main\Source\Effort.Shared\Internal\StorageSchema\FunctionReturnRowTypePropertyElementSelector.cs' [3' 22])' FunctionTypeAttributeModifier (D:\research\architectureSmells\repos1\tamasflamich_effort\Main\Source\Effort.Shared\Internal\StorageSchema\FunctionTypeAttributeModifier.cs' [3' 22])' IProviderInformation (D:\research\architectureSmells\repos1\tamasflamich_effort\Main\Source\Effort.Shared\Internal\StorageSchema\IProviderInformation.cs' [3' 22])' ModificationContextHelper (D:\research\architectureSmells\repos1\tamasflamich_effort\Main\Source\Effort.Shared\Internal\StorageSchema\ModificationContextHelper.cs' [3' 22])' ModificationFunctionMappingModifier (D:\research\architectureSmells\repos1\tamasflamich_effort\Main\Source\Effort.Shared\Internal\StorageSchema\ModificationFunctionMappingModifier.cs' [3' 22])' PropertyTypeAttributeModifier (D:\research\architectureSmells\repos1\tamasflamich_effort\Main\Source\Effort.Shared\Internal\StorageSchema\PropertyTypeAttributeModifier.cs' [3' 22])' ProviderAttributeModifier (D:\research\architectureSmells\repos1\tamasflamich_effort\Main\Source\Effort.Shared\Internal\StorageSchema\ProviderAttributeModifier.cs' [3' 22])' ProviderAttributeSelector (D:\research\architectureSmells\repos1\tamasflamich_effort\Main\Source\Effort.Shared\Internal\StorageSchema\ProviderAttributeSelector.cs' [3' 22])' ProviderInformation (D:\research\architectureSmells\repos1\tamasflamich_effort\Main\Source\Effort.Shared\Internal\StorageSchema\ProviderInformation.cs' [3' 22])' ProviderManifestTokenAttributeModifier (D:\research\architectureSmells\repos1\tamasflamich_effort\Main\Source\Effort.Shared\Internal\StorageSchema\ProviderManifestTokenAttributeModifier.cs' [3' 22])' ProviderManifestTokenAttributeSelector (D:\research\architectureSmells\repos1\tamasflamich_effort\Main\Source\Effort.Shared\Internal\StorageSchema\ProviderManifestTokenAttributeSelector.cs' [3' 22])' ProviderParser (D:\research\architectureSmells\repos1\tamasflamich_effort\Main\Source\Effort.Shared\Internal\StorageSchema\ProviderParser.cs' [3' 22])' ReturnTypeAttributeSelector (D:\research\architectureSmells\repos1\tamasflamich_effort\Main\Source\Effort.Shared\Internal\StorageSchema\ReturnTypeAttributeSelector.cs' [3' 22])' StorageSchemaContentNameProvider (D:\research\architectureSmells\repos1\tamasflamich_effort\Main\Source\Effort.Shared\Internal\StorageSchema\StorageSchemaContentNameProvider.cs' [3' 22])' StorageSchemaNamespaces (D:\research\architectureSmells\repos1\tamasflamich_effort\Main\Source\Effort.Shared\Internal\StorageSchema\StorageSchemaNamespaces.cs' [3' 22])' StorageSchemaV1Modifier (D:\research\architectureSmells\repos1\tamasflamich_effort\Main\Source\Effort.Shared\Internal\StorageSchema\StorageSchemaV1Modifier.cs' [3' 22])' StorageSchemaV2Modifier (D:\research\architectureSmells\repos1\tamasflamich_effort\Main\Source\Effort.Shared\Internal\StorageSchema\StorageSchemaV2Modifier.cs' [3' 22])' StorageSchemaV3Modifier (D:\research\architectureSmells\repos1\tamasflamich_effort\Main\Source\Effort.Shared\Internal\StorageSchema\StorageSchemaV3Modifier.cs' [3' 22])' StorageTypeConverter (D:\research\architectureSmells\repos1\tamasflamich_effort\Main\Source\Effort.Shared\Internal\StorageSchema\StorageTypeConverter.cs' [3' 22])' TypeAttributeSelector (D:\research\architectureSmells\repos1\tamasflamich_effort\Main\Source\Effort.Shared\Internal\StorageSchema\TypeAttributeSelector.cs' [3' 22])' UniversalStorageSchemaModifier (D:\research\architectureSmells\repos1\tamasflamich_effort\Main\Source\Effort.Shared\Internal\StorageSchema\UniversalStorageSchemaModifier.cs' [3' 22])' DefaultTypeConverter (D:\research\architectureSmells\repos1\tamasflamich_effort\Main\Source\Effort.Shared\Internal\TypeConversion\DefaultTypeConverter.cs' [3' 22])' EdmTypeConverter (D:\research\architectureSmells\repos1\tamasflamich_effort\Main\Source\Effort.Shared\Internal\TypeConversion\EdmTypeConverter.cs' [3' 22])' FacetInfo (D:\research\architectureSmells\repos1\tamasflamich_effort\Main\Source\Effort.Shared\Internal\TypeConversion\FacetInformation.cs' [3' 22])' ITypeConverter (D:\research\architectureSmells\repos1\tamasflamich_effort\Main\Source\Effort.Shared\Internal\TypeConversion\ITypeConverter.cs' [3' 22])' EffortCommand (D:\research\architectureSmells\repos1\tamasflamich_effort\Main\Source\Effort.Shared\Provider\EffortCommand.cs' [3' 22])' EffortCommandBase (D:\research\architectureSmells\repos1\tamasflamich_effort\Main\Source\Effort.Shared\Provider\EffortCommandBase.cs' [3' 22])' EffortCommandDefinition (D:\research\architectureSmells\repos1\tamasflamich_effort\Main\Source\Effort.Shared\Provider\EffortCommandDefinition.cs' [3' 22])' EffortConnection (D:\research\architectureSmells\repos1\tamasflamich_effort\Main\Source\Effort.Shared\Provider\EffortConnection.cs' [3' 22])' EffortConnectionStringBuilder (D:\research\architectureSmells\repos1\tamasflamich_effort\Main\Source\Effort.Shared\Provider\EffortConnectionStringBuilder.cs' [3' 22])' EffortDataReader (D:\research\architectureSmells\repos1\tamasflamich_effort\Main\Source\Effort.Shared\Provider\EffortDataReader.cs' [3' 22])' EffortEntityCommand (D:\research\architectureSmells\repos1\tamasflamich_effort\Main\Source\Effort.Shared\Provider\EffortEntityCommand.cs' [3' 22])' EffortParameter (D:\research\architectureSmells\repos1\tamasflamich_effort\Main\Source\Effort.Shared\Provider\EffortParameter.cs' [3' 22])' EffortParameterCollection (D:\research\architectureSmells\repos1\tamasflamich_effort\Main\Source\Effort.Shared\Provider\EffortParameterCollection.cs' [3' 22])' EffortProviderConfiguration (D:\research\architectureSmells\repos1\tamasflamich_effort\Main\Source\Effort.Shared\Provider\EffortProviderConfiguration.cs' [3' 22])' EffortProviderFactory (D:\research\architectureSmells\repos1\tamasflamich_effort\Main\Source\Effort.Shared\Provider\EffortProviderFactory.cs' [3' 22])' EffortProviderInvariantName (D:\research\architectureSmells\repos1\tamasflamich_effort\Main\Source\Effort.Shared\Provider\EffortProviderInvariantName.cs' [3' 22])' EffortProviderManifest (D:\research\architectureSmells\repos1\tamasflamich_effort\Main\Source\Effort.Shared\Provider\EffortProviderManifest.cs' [3' 22])' EffortProviderManifestTokens (D:\research\architectureSmells\repos1\tamasflamich_effort\Main\Source\Effort.Shared\Provider\EffortProviderManifestTokens.cs' [3' 22])' EffortProviderServices (D:\research\architectureSmells\repos1\tamasflamich_effort\Main\Source\Effort.Shared\Provider\EffortProviderServices.cs' [3' 22])' EffortTransaction (D:\research\architectureSmells\repos1\tamasflamich_effort\Main\Source\Effort.Shared\Provider\EffortTransaction.cs' [3' 22])' EffortVersion (D:\research\architectureSmells\repos1\tamasflamich_effort\Main\Source\Effort.Shared\Provider\EffortVersion.cs' [3' 22])' IDbManager (D:\research\architectureSmells\repos1\tamasflamich_effort\Main\Source\Effort.Shared\Provider\IDbManager.cs' [3' 22])
Duplicate Abstraction,Effort.DataLoaders,CachingDataLoader,D:\research\architectureSmells\repos1\tamasflamich_effort\Main\Source\Effort.Shared\DataLoaders\CachingDataLoader.cs,The tool detected the smell in this class because a set of code clones has been found and at least one of the clones found in this class. List of code clones with start and end line numbers are:  CachingDataLoader (D:\research\architectureSmells\repos1\tamasflamich_effort\Main\Source\Effort.Shared\DataLoaders\CachingDataLoader.cs' [3' 23])' ExtendedKeyInfoFactory (D:\research\architectureSmells\repos1\tamasflamich_effort\Main\Source\Effort.Shared\Internal\DbManagement\Engine\Services\ExtendedKeyInfoFactory.cs' [3' 23])' CachingTableDataLoader (D:\research\architectureSmells\repos1\tamasflamich_effort\Main\Source\Effort.Shared\DataLoaders\CachingTableDataLoader.cs' [3' 23])' CachingTableDataLoaderFactory (D:\research\architectureSmells\repos1\tamasflamich_effort\Main\Source\Effort.Shared\DataLoaders\CachingTableDataLoaderFactory.cs' [3' 23])' CachingTableDataLoaderStoreProxy (D:\research\architectureSmells\repos1\tamasflamich_effort\Main\Source\Effort.Shared\DataLoaders\CachingTableDataLoaderStoreProxy.cs' [3' 23])' ColumnDescription (D:\research\architectureSmells\repos1\tamasflamich_effort\Main\Source\Effort.Shared\DataLoaders\ColumnDescription.cs' [3' 23])' CsvDataLoader (D:\research\architectureSmells\repos1\tamasflamich_effort\Main\Source\Effort.Shared\DataLoaders\CsvDataLoader.cs' [3' 23])' CsvTableDataLoader (D:\research\architectureSmells\repos1\tamasflamich_effort\Main\Source\Effort.Shared\DataLoaders\CsvTableDataLoader.cs' [3' 23])' CsvTableDataLoaderFactory (D:\research\architectureSmells\repos1\tamasflamich_effort\Main\Source\Effort.Shared\DataLoaders\CsvTableDataLoaderFactory.cs' [3' 23])' CsvValueConverter (D:\research\architectureSmells\repos1\tamasflamich_effort\Main\Source\Effort.Shared\DataLoaders\CsvValueConverter.cs' [3' 23])' DataLoaderConfigurationLatchProxy (D:\research\architectureSmells\repos1\tamasflamich_effort\Main\Source\Effort.Shared\DataLoaders\DataLoaderConfigurationLatchProxy.cs' [3' 23])' EmptyDataLoader (D:\research\architectureSmells\repos1\tamasflamich_effort\Main\Source\Effort.Shared\DataLoaders\EmptyDataLoader.cs' [3' 23])' EmptyTableDataLoader (D:\research\architectureSmells\repos1\tamasflamich_effort\Main\Source\Effort.Shared\DataLoaders\EmptyTableDataLoader.cs' [3' 23])' EmptyTableDataLoaderFactory (D:\research\architectureSmells\repos1\tamasflamich_effort\Main\Source\Effort.Shared\DataLoaders\EmptyTableDataLoaderFactory.cs' [3' 23])' EntityDataLoader (D:\research\architectureSmells\repos1\tamasflamich_effort\Main\Source\Effort.Shared\DataLoaders\EntityDataLoader.cs' [3' 23])' EntityTableDataLoader (D:\research\architectureSmells\repos1\tamasflamich_effort\Main\Source\Effort.Shared\DataLoaders\EntityTableDataLoader.cs' [3' 23])' EntityTableDataLoaderFactory (D:\research\architectureSmells\repos1\tamasflamich_effort\Main\Source\Effort.Shared\DataLoaders\EntityTableDataLoaderFactory.cs' [3' 23])' FileSource (D:\research\architectureSmells\repos1\tamasflamich_effort\Main\Source\Effort.Shared\DataLoaders\FileSource.cs' [3' 23])' ICachingTableDataLoaderStore (D:\research\architectureSmells\repos1\tamasflamich_effort\Main\Source\Effort.Shared\DataLoaders\ICachingTableDataLoaderStore.cs' [3' 23])' IDataLoader (D:\research\architectureSmells\repos1\tamasflamich_effort\Main\Source\Effort.Shared\DataLoaders\IDataLoader.cs' [3' 23])' IDataLoaderConfigurationLatch (D:\research\architectureSmells\repos1\tamasflamich_effort\Main\Source\Effort.Shared\DataLoaders\IDataLoaderConfigurationLatch.cs' [3' 23])' IFileReference (D:\research\architectureSmells\repos1\tamasflamich_effort\Main\Source\Effort.Shared\DataLoaders\IFileReference.cs' [3' 23])' ITableDataLoader (D:\research\architectureSmells\repos1\tamasflamich_effort\Main\Source\Effort.Shared\DataLoaders\ITableDataLoader.cs' [3' 23])' ITableDataLoaderFactory (D:\research\architectureSmells\repos1\tamasflamich_effort\Main\Source\Effort.Shared\DataLoaders\ITableDataLoaderFactory.cs' [3' 23])' IValueConverter (D:\research\architectureSmells\repos1\tamasflamich_effort\Main\Source\Effort.Shared\DataLoaders\IValueConverter.cs' [3' 23])' ObjectLoader (D:\research\architectureSmells\repos1\tamasflamich_effort\Main\Source\Effort.Shared\DataLoaders\ObjectLoader.cs' [3' 23])' TableDataLoaderBase (D:\research\architectureSmells\repos1\tamasflamich_effort\Main\Source\Effort.Shared\DataLoaders\TableDataLoaderBase.cs' [3' 23])' TableDescription (D:\research\architectureSmells\repos1\tamasflamich_effort\Main\Source\Effort.Shared\DataLoaders\TableDescription.cs' [3' 23])' FileSystemFileProvider (D:\research\architectureSmells\repos1\tamasflamich_effort\Main\Source\Effort.Shared\DataLoaders\Internal\FileSystemFileProvider.cs' [3' 23])' FileSystemFileReference (D:\research\architectureSmells\repos1\tamasflamich_effort\Main\Source\Effort.Shared\DataLoaders\Internal\FileSystemFileReference.cs' [3' 23])' IFileProvider (D:\research\architectureSmells\repos1\tamasflamich_effort\Main\Source\Effort.Shared\DataLoaders\Internal\IFileProvider.cs' [3' 23])' InvalidFileProvider (D:\research\architectureSmells\repos1\tamasflamich_effort\Main\Source\Effort.Shared\DataLoaders\Internal\InvalidFileProvider.cs' [3' 23])' ResourceFileProvider (D:\research\architectureSmells\repos1\tamasflamich_effort\Main\Source\Effort.Shared\DataLoaders\Internal\ResourceFileProvider.cs' [3' 23])' ResourceFileReference (D:\research\architectureSmells\repos1\tamasflamich_effort\Main\Source\Effort.Shared\DataLoaders\Internal\ResourceFileReference.cs' [3' 23])' DbConnectionFactory (D:\research\architectureSmells\repos1\tamasflamich_effort\Main\Source\Effort.Shared\DbConnectionFactory.cs' [3' 23])' EntityConnectionFactory (D:\research\architectureSmells\repos1\tamasflamich_effort\Main\Source\Effort.Shared\EntityConnectionFactory.cs' [3' 23])' ObjectContextFactory (D:\research\architectureSmells\repos1\tamasflamich_effort\Main\Source\Effort.Shared\ObjectContextFactory.cs' [3' 23])' EffortException (D:\research\architectureSmells\repos1\tamasflamich_effort\Main\Source\Effort.Shared\Exceptions\EffortException.cs' [3' 23])' ExceptionMessages (D:\research\architectureSmells\repos1\tamasflamich_effort\Main\Source\Effort.Shared\Exceptions\ExceptionMessages.cs' [3' 23])' CachingTableDataLoaderKey (D:\research\architectureSmells\repos1\tamasflamich_effort\Main\Source\Effort.Shared\Internal\Caching\CachingTableDataLoaderKey.cs' [3' 23])' CachingTableDataLoaderStore (D:\research\architectureSmells\repos1\tamasflamich_effort\Main\Source\Effort.Shared\Internal\Caching\CachingTableDataLoaderStore.cs' [3' 23])' ConcurrentCache<TKey'TElement> (D:\research\architectureSmells\repos1\tamasflamich_effort\Main\Source\Effort.Shared\Internal\Caching\ConcurrentCache`2.cs' [3' 23])' DataLoaderConfigurationKey (D:\research\architectureSmells\repos1\tamasflamich_effort\Main\Source\Effort.Shared\Internal\Caching\DataLoaderConfigurationKey.cs' [3' 23])' DataLoaderConfigurationLatch (D:\research\architectureSmells\repos1\tamasflamich_effort\Main\Source\Effort.Shared\Internal\Caching\DataLoaderConfigurationLatch.cs' [3' 23])' DataLoaderConfigurationLatchStore (D:\research\architectureSmells\repos1\tamasflamich_effort\Main\Source\Effort.Shared\Internal\Caching\DataLoaderConfigurationLatchStore.cs' [3' 23])' DbContainerStore (D:\research\architectureSmells\repos1\tamasflamich_effort\Main\Source\Effort.Shared\Internal\Caching\DbContainerStore.cs' [3' 23])' DbSchemaKey (D:\research\architectureSmells\repos1\tamasflamich_effort\Main\Source\Effort.Shared\Internal\Caching\DbSchemaKey.cs' [3' 23])' DbSchemaStore (D:\research\architectureSmells\repos1\tamasflamich_effort\Main\Source\Effort.Shared\Internal\Caching\DbSchemaStore.cs' [3' 23])' MetadataWorkspaceStore (D:\research\architectureSmells\repos1\tamasflamich_effort\Main\Source\Effort.Shared\Internal\Caching\MetadataWorkspaceStore.cs' [3' 23])' ObjectContextTypeKey (D:\research\architectureSmells\repos1\tamasflamich_effort\Main\Source\Effort.Shared\Internal\Caching\ObjectContextTypeKey.cs' [3' 23])' ObjectContextTypeStore (D:\research\architectureSmells\repos1\tamasflamich_effort\Main\Source\Effort.Shared\Internal\Caching\ObjectContextTypeStore.cs' [3' 23])' ActionContext (D:\research\architectureSmells\repos1\tamasflamich_effort\Main\Source\Effort.Shared\Internal\CommandActions\ActionContext.cs' [3' 23])' CommandActionFactory (D:\research\architectureSmells\repos1\tamasflamich_effort\Main\Source\Effort.Shared\Internal\CommandActions\CommandActionFactory.cs' [3' 23])' CommandActionParameter (D:\research\architectureSmells\repos1\tamasflamich_effort\Main\Source\Effort.Shared\Internal\CommandActions\CommandActionParameter.cs' [3' 23])' DbCommandActionHelper (D:\research\architectureSmells\repos1\tamasflamich_effort\Main\Source\Effort.Shared\Internal\CommandActions\DbCommandActionHelper.cs' [3' 23])' DeleteCommandAction (D:\research\architectureSmells\repos1\tamasflamich_effort\Main\Source\Effort.Shared\Internal\CommandActions\DeleteCommandAction.cs' [3' 23])' ICommandAction (D:\research\architectureSmells\repos1\tamasflamich_effort\Main\Source\Effort.Shared\Internal\CommandActions\ICommandAction.cs' [3' 23])' InsertCommandAction (D:\research\architectureSmells\repos1\tamasflamich_effort\Main\Source\Effort.Shared\Internal\CommandActions\InsertCommandAction.cs' [3' 23])' QueryCommandAction (D:\research\architectureSmells\repos1\tamasflamich_effort\Main\Source\Effort.Shared\Internal\CommandActions\QueryCommandAction.cs' [3' 23])' UpdateCommandAction (D:\research\architectureSmells\repos1\tamasflamich_effort\Main\Source\Effort.Shared\Internal\CommandActions\UpdateCommandAction.cs' [3' 23])' CommandTreeBuilder (D:\research\architectureSmells\repos1\tamasflamich_effort\Main\Source\Effort.Shared\Internal\Common\CommandTreeBuilder.cs' [3' 23])' DatabaseReflectionHelper (D:\research\architectureSmells\repos1\tamasflamich_effort\Main\Source\Effort.Shared\Internal\Common\DatabaseReflectionHelper.cs' [3' 23])' EdmHelper (D:\research\architectureSmells\repos1\tamasflamich_effort\Main\Source\Effort.Shared\Internal\Common\EdmHelper.cs' [3' 23])' EmitHelper (D:\research\architectureSmells\repos1\tamasflamich_effort\Main\Source\Effort.Shared\Internal\Common\EmitHelper.cs' [3' 23])' ExpressionHelper (D:\research\architectureSmells\repos1\tamasflamich_effort\Main\Source\Effort.Shared\Internal\Common\ExpressionHelper.cs' [3' 23])' FastLazy<T> (D:\research\architectureSmells\repos1\tamasflamich_effort\Main\Source\Effort.Shared\Internal\Common\FastLazy`1.cs' [3' 23])' FieldDescription (D:\research\architectureSmells\repos1\tamasflamich_effort\Main\Source\Effort.Shared\Internal\Common\FieldDescription.cs' [3' 23])' MetadataWorkspaceHelper (D:\research\architectureSmells\repos1\tamasflamich_effort\Main\Source\Effort.Shared\Internal\Common\MetadataWorkspaceHelper.cs' [3' 23])' ProviderHelper (D:\research\architectureSmells\repos1\tamasflamich_effort\Main\Source\Effort.Shared\Internal\Common\ProviderHelper.cs' [3' 23])' ReflectionHelper (D:\research\architectureSmells\repos1\tamasflamich_effort\Main\Source\Effort.Shared\Internal\Common\ReflectionHelper.cs' [3' 23])' TupleTypeHelper (D:\research\architectureSmells\repos1\tamasflamich_effort\Main\Source\Effort.Shared\Internal\Common\TupleTypeHelper.cs' [3' 23])' TypeHelper (D:\research\architectureSmells\repos1\tamasflamich_effort\Main\Source\Effort.Shared\Internal\Common\TypeHelper.cs' [3' 23])' TypeUsageHelper (D:\research\architectureSmells\repos1\tamasflamich_effort\Main\Source\Effort.Shared\Internal\Common\TypeUsageHelper.cs' [3' 23])' AggregatedElementModifier (D:\research\architectureSmells\repos1\tamasflamich_effort\Main\Source\Effort.Shared\Internal\Common\XmlProcessing\AggregatedElementModifier.cs' [3' 23])' ComposedElementModifier (D:\research\architectureSmells\repos1\tamasflamich_effort\Main\Source\Effort.Shared\Internal\Common\XmlProcessing\ComposedElementModifier.cs' [3' 23])' IAttributeModifier (D:\research\architectureSmells\repos1\tamasflamich_effort\Main\Source\Effort.Shared\Internal\Common\XmlProcessing\IAttributeModifier.cs' [3' 23])' IElementAttributeSelector (D:\research\architectureSmells\repos1\tamasflamich_effort\Main\Source\Effort.Shared\Internal\Common\XmlProcessing\IElementAttributeSelector.cs' [3' 23])' IElementModifier (D:\research\architectureSmells\repos1\tamasflamich_effort\Main\Source\Effort.Shared\Internal\Common\XmlProcessing\IElementModifier.cs' [3' 23])' IElementSelector (D:\research\architectureSmells\repos1\tamasflamich_effort\Main\Source\Effort.Shared\Internal\Common\XmlProcessing\IElementSelector.cs' [3' 23])' IElementVisitor (D:\research\architectureSmells\repos1\tamasflamich_effort\Main\Source\Effort.Shared\Internal\Common\XmlProcessing\IElementVisitor`1.cs' [3' 23])' IModificationContext (D:\research\architectureSmells\repos1\tamasflamich_effort\Main\Source\Effort.Shared\Internal\Common\XmlProcessing\IModificationContext.cs' [3' 23])' ModificationContext (D:\research\architectureSmells\repos1\tamasflamich_effort\Main\Source\Effort.Shared\Internal\Common\XmlProcessing\ModificationContext.cs' [3' 23])' SelfElementSelector (D:\research\architectureSmells\repos1\tamasflamich_effort\Main\Source\Effort.Shared\Internal\Common\XmlProcessing\SelfElementSelector.cs' [3' 23])' CanonicalFunctionMapper (D:\research\architectureSmells\repos1\tamasflamich_effort\Main\Source\Effort.Shared\Internal\DbCommandTreeTransformation\CanonicalFunctions.cs' [3' 23])' DbFunctions (D:\research\architectureSmells\repos1\tamasflamich_effort\Main\Source\Effort.Shared\Internal\DbCommandTreeTransformation\DbFunctions.cs' [3' 23])' EntitySetSearchVisitor (D:\research\architectureSmells\repos1\tamasflamich_effort\Main\Source\Effort.Shared\Internal\DbCommandTreeTransformation\EntitySetSearchVisitor.cs' [3' 23])' IDbMethodProvider (D:\research\architectureSmells\repos1\tamasflamich_effort\Main\Source\Effort.Shared\Internal\DbCommandTreeTransformation\IDbMethodProvider.cs' [3' 23])' ITableProvider (D:\research\architectureSmells\repos1\tamasflamich_effort\Main\Source\Effort.Shared\Internal\DbCommandTreeTransformation\ITableProvider.cs' [3' 23])' LinqMethodExpressionBuilder (D:\research\architectureSmells\repos1\tamasflamich_effort\Main\Source\Effort.Shared\Internal\DbCommandTreeTransformation\LinqMethodExpressionBuilder.cs' [3' 23])' LinqMethodProvider (D:\research\architectureSmells\repos1\tamasflamich_effort\Main\Source\Effort.Shared\Internal\DbCommandTreeTransformation\LinqMethodProvider.cs' [3' 23])' MethodInfoGroup (D:\research\architectureSmells\repos1\tamasflamich_effort\Main\Source\Effort.Shared\Internal\DbCommandTreeTransformation\MethodInfoGroup.cs' [3' 23])' NullableEnumerableExtensionMethods (D:\research\architectureSmells\repos1\tamasflamich_effort\Main\Source\Effort.Shared\Internal\DbCommandTreeTransformation\NullableEnumerableExtensionMethods.cs' [3' 23])' SingleResult<T> (D:\research\architectureSmells\repos1\tamasflamich_effort\Main\Source\Effort.Shared\Internal\DbCommandTreeTransformation\SingleResult.cs' [3' 23])' TransformVisitor (D:\research\architectureSmells\repos1\tamasflamich_effort\Main\Source\Effort.Shared\Internal\DbCommandTreeTransformation\TransformVisitor.And.cs' [3' 23])' TraversalVisitor (D:\research\architectureSmells\repos1\tamasflamich_effort\Main\Source\Effort.Shared\Internal\DbCommandTreeTransformation\TraversalVisitor.cs' [3' 23])' Variable (D:\research\architectureSmells\repos1\tamasflamich_effort\Main\Source\Effort.Shared\Internal\DbCommandTreeTransformation\Variable.cs' [3' 23])' VariableCollection (D:\research\architectureSmells\repos1\tamasflamich_effort\Main\Source\Effort.Shared\Internal\DbCommandTreeTransformation\VariableCollection.cs' [3' 23])' VariableHandler (D:\research\architectureSmells\repos1\tamasflamich_effort\Main\Source\Effort.Shared\Internal\DbCommandTreeTransformation\VariableHandler.cs' [3' 23])' DateTimeFunctions (D:\research\architectureSmells\repos1\tamasflamich_effort\Main\Source\Effort.Shared\Internal\DbCommandTreeTransformation\Functions\DateTimeFunctions.cs' [3' 23])' DateTimeOffsetFunctions (D:\research\architectureSmells\repos1\tamasflamich_effort\Main\Source\Effort.Shared\Internal\DbCommandTreeTransformation\Functions\DateTimeOffsetFunctions.cs' [3' 23])' DecimalFunctions (D:\research\architectureSmells\repos1\tamasflamich_effort\Main\Source\Effort.Shared\Internal\DbCommandTreeTransformation\Functions\DecimalFunctions.cs' [3' 23])' DoubleFunctions (D:\research\architectureSmells\repos1\tamasflamich_effort\Main\Source\Effort.Shared\Internal\DbCommandTreeTransformation\Functions\DoubleFunctions.cs' [3' 23])' GuidFunctions (D:\research\architectureSmells\repos1\tamasflamich_effort\Main\Source\Effort.Shared\Internal\DbCommandTreeTransformation\Functions\GuidFunctions.cs' [3' 23])' IntegerFunctions (D:\research\architectureSmells\repos1\tamasflamich_effort\Main\Source\Effort.Shared\Internal\DbCommandTreeTransformation\Functions\IntegerFunctions.cs' [3' 23])' StringFunctions (D:\research\architectureSmells\repos1\tamasflamich_effort\Main\Source\Effort.Shared\Internal\DbCommandTreeTransformation\Functions\StringFunctions.cs' [3' 23])' TimeFunctions (D:\research\architectureSmells\repos1\tamasflamich_effort\Main\Source\Effort.Shared\Internal\DbCommandTreeTransformation\Functions\TimeFunctions.cs' [3' 23])' CanonicalContainer (D:\research\architectureSmells\repos1\tamasflamich_effort\Main\Source\Effort.Shared\Internal\DbManagement\CanonicalContainer.cs' [3' 23])' DbContainer (D:\research\architectureSmells\repos1\tamasflamich_effort\Main\Source\Effort.Shared\Internal\DbManagement\DbContainer.cs' [3' 23])' DbContainerManagerWrapper (D:\research\architectureSmells\repos1\tamasflamich_effort\Main\Source\Effort.Shared\Internal\DbManagement\DbContainerManagerWrapper.cs' [3' 23])' DbContainerParameters (D:\research\architectureSmells\repos1\tamasflamich_effort\Main\Source\Effort.Shared\Internal\DbManagement\DbContainerParameters.cs' [3' 23])' DbExtensions (D:\research\architectureSmells\repos1\tamasflamich_effort\Main\Source\Effort.Shared\Internal\DbManagement\DbExtensions.cs' [3' 23])' DbMethodProvider (D:\research\architectureSmells\repos1\tamasflamich_effort\Main\Source\Effort.Shared\Internal\DbManagement\DbMethodProvider.cs' [3' 23])' DatabaseComponentFactory (D:\research\architectureSmells\repos1\tamasflamich_effort\Main\Source\Effort.Shared\Internal\DbManagement\Engine\DatabaseComponentFactory.cs' [3' 23])' ExtendedQueryCompiler (D:\research\architectureSmells\repos1\tamasflamich_effort\Main\Source\Effort.Shared\Internal\DbManagement\Engine\ExtendedQueryCompiler.cs' [3' 23])' ExtendedTable<TEntity'TPrimaryKey> (D:\research\architectureSmells\repos1\tamasflamich_effort\Main\Source\Effort.Shared\Internal\DbManagement\Engine\ExtendedTable`2.cs' [3' 23])' IExtendedTable (D:\research\architectureSmells\repos1\tamasflamich_effort\Main\Source\Effort.Shared\Internal\DbManagement\Engine\IExtendedTable.cs' [3' 23])' ExtendedTableService (D:\research\architectureSmells\repos1\tamasflamich_effort\Main\Source\Effort.Shared\Internal\DbManagement\Engine\Services\ExtendedTableService.cs' [3' 23])' ExcrescentInitializationCleanserVisitor (D:\research\architectureSmells\repos1\tamasflamich_effort\Main\Source\Effort.Shared\Internal\DbManagement\Engine\Rewriters\ExcrescentInitializationCleanserVisitor.cs' [3' 23])' ExcrescentSingleResultCleanserVisitor (D:\research\architectureSmells\repos1\tamasflamich_effort\Main\Source\Effort.Shared\Internal\DbManagement\Engine\Rewriters\ExcrescentSingleResultCleanserVisitor.cs' [3' 23])' SumTransformerVisitor (D:\research\architectureSmells\repos1\tamasflamich_effort\Main\Source\Effort.Shared\Internal\DbManagement\Engine\Rewriters\SumTransformerVisitor.cs' [3' 23])' DataRowKeyInfoService (D:\research\architectureSmells\repos1\tamasflamich_effort\Main\Source\Effort.Shared\Internal\DbManagement\Engine\Services\DataRowKeyInfoService.cs' [3' 23])' BareSchemaBase (D:\research\architectureSmells\repos1\tamasflamich_effort\Main\Source\Effort.Shared\Internal\DbManagement\Schema\BareSchemaBase.cs' [3' 23])' DbRelationInfo (D:\research\architectureSmells\repos1\tamasflamich_effort\Main\Source\Effort.Shared\Internal\DbManagement\Schema\DbRelationInfo.cs' [3' 23])' DbSchema (D:\research\architectureSmells\repos1\tamasflamich_effort\Main\Source\Effort.Shared\Internal\DbManagement\Schema\DbSchema.cs' [3' 23])' DbSchemaFactory (D:\research\architectureSmells\repos1\tamasflamich_effort\Main\Source\Effort.Shared\Internal\DbManagement\Schema\DbSchemaFactory.cs' [3' 23])' DbTableInfo (D:\research\architectureSmells\repos1\tamasflamich_effort\Main\Source\Effort.Shared\Internal\DbManagement\Schema\DbTableInfo.cs' [3' 23])' DynamicBareSchema (D:\research\architectureSmells\repos1\tamasflamich_effort\Main\Source\Effort.Shared\Internal\DbManagement\Schema\DynamicBareSchema.cs' [3' 23])' IBareSchema (D:\research\architectureSmells\repos1\tamasflamich_effort\Main\Source\Effort.Shared\Internal\DbManagement\Schema\IBareSchema.cs' [3' 23])' KeyInfoHelper (D:\research\architectureSmells\repos1\tamasflamich_effort\Main\Source\Effort.Shared\Internal\DbManagement\Schema\KeyInfoHelper.cs' [3' 23])' TableName (D:\research\architectureSmells\repos1\tamasflamich_effort\Main\Source\Effort.Shared\Internal\DbManagement\Schema\TableName.cs' [3' 23])' AssociationInfo (D:\research\architectureSmells\repos1\tamasflamich_effort\Main\Source\Effort.Shared\Internal\DbManagement\Schema\Configuration\AssociationInfo.cs' [3' 23])' AssociationTableInfo (D:\research\architectureSmells\repos1\tamasflamich_effort\Main\Source\Effort.Shared\Internal\DbManagement\Schema\Configuration\AssociationTableInfo.cs' [3' 23])' BareSchemaConfiguration (D:\research\architectureSmells\repos1\tamasflamich_effort\Main\Source\Effort.Shared\Internal\DbManagement\Schema\Configuration\BareSchemaConfiguration.cs' [3' 23])' CharLimitConfiguration (D:\research\architectureSmells\repos1\tamasflamich_effort\Main\Source\Effort.Shared\Internal\DbManagement\Schema\Configuration\CharLimitConfiguration.cs' [3' 23])' EntityInfo (D:\research\architectureSmells\repos1\tamasflamich_effort\Main\Source\Effort.Shared\Internal\DbManagement\Schema\Configuration\EntityInfo.cs' [3' 23])' EntityPropertyInfo (D:\research\architectureSmells\repos1\tamasflamich_effort\Main\Source\Effort.Shared\Internal\DbManagement\Schema\Configuration\EntityPropertyInfo.cs' [3' 23])' GeneratedGuidConfiguration (D:\research\architectureSmells\repos1\tamasflamich_effort\Main\Source\Effort.Shared\Internal\DbManagement\Schema\Configuration\GeneratedGuidConfiguration.cs' [3' 23])' IdentityConfiguration (D:\research\architectureSmells\repos1\tamasflamich_effort\Main\Source\Effort.Shared\Internal\DbManagement\Schema\Configuration\IdentityConfiguration.cs' [3' 23])' IndexConfiguration (D:\research\architectureSmells\repos1\tamasflamich_effort\Main\Source\Effort.Shared\Internal\DbManagement\Schema\Configuration\IndexConfiguration.cs' [3' 23])' IndexInfo (D:\research\architectureSmells\repos1\tamasflamich_effort\Main\Source\Effort.Shared\Internal\DbManagement\Schema\Configuration\IndexInfo.cs' [3' 23])' IRelationConfiguration (D:\research\architectureSmells\repos1\tamasflamich_effort\Main\Source\Effort.Shared\Internal\DbManagement\Schema\Configuration\IRelationConfiguration.cs' [3' 23])' ITableConfiguration (D:\research\architectureSmells\repos1\tamasflamich_effort\Main\Source\Effort.Shared\Internal\DbManagement\Schema\Configuration\ITableConfiguration.cs' [3' 23])' NotNullConfiguration (D:\research\architectureSmells\repos1\tamasflamich_effort\Main\Source\Effort.Shared\Internal\DbManagement\Schema\Configuration\NotNullConfiguration.cs' [3' 23])' PrimaryKeyConfiguration (D:\research\architectureSmells\repos1\tamasflamich_effort\Main\Source\Effort.Shared\Internal\DbManagement\Schema\Configuration\PrimaryKeyConfiguration.cs' [3' 23])' RelationConfiguration (D:\research\architectureSmells\repos1\tamasflamich_effort\Main\Source\Effort.Shared\Internal\DbManagement\Schema\Configuration\RelationConfiguration.cs' [3' 23])' RelationConfigurationGroup (D:\research\architectureSmells\repos1\tamasflamich_effort\Main\Source\Effort.Shared\Internal\DbManagement\Schema\Configuration\RelationConfigurationGroup.cs' [3' 23])' TableConfigurationGroup (D:\research\architectureSmells\repos1\tamasflamich_effort\Main\Source\Effort.Shared\Internal\DbManagement\Schema\Configuration\TableConfigurationGroup.cs' [3' 23])' VarcharLimitConfiguration (D:\research\architectureSmells\repos1\tamasflamich_effort\Main\Source\Effort.Shared\Internal\DbManagement\Schema\Configuration\VarcharLimitConfiguration.cs' [3' 23])' CharLimitConstraintFactory<TEntity> (D:\research\architectureSmells\repos1\tamasflamich_effort\Main\Source\Effort.Shared\Internal\DbManagement\Schema\Constraints\CharLimitConstraintFactory`1.cs' [3' 23])' ConstraintFactories (D:\research\architectureSmells\repos1\tamasflamich_effort\Main\Source\Effort.Shared\Internal\DbManagement\Schema\Constraints\ConstraintFactories.cs' [3' 23])' ConstraintFactoryBase<TEntity'TMember> (D:\research\architectureSmells\repos1\tamasflamich_effort\Main\Source\Effort.Shared\Internal\DbManagement\Schema\Constraints\ConstraintFactoryBase`2.cs' [3' 23])' GeneratedGuidConstraintFactory<TEntity> (D:\research\architectureSmells\repos1\tamasflamich_effort\Main\Source\Effort.Shared\Internal\DbManagement\Schema\Constraints\GeneratedGuidConstraintFactory`1.cs' [3' 23])' NotNullableConstraintFactory<TEntity'TMember> (D:\research\architectureSmells\repos1\tamasflamich_effort\Main\Source\Effort.Shared\Internal\DbManagement\Schema\Constraints\NotNullableConstraintFactory`2.cs' [3' 23])' VarCharLimitConstraintFactory<TEntity> (D:\research\architectureSmells\repos1\tamasflamich_effort\Main\Source\Effort.Shared\Internal\DbManagement\Schema\Constraints\VarCharLimitConstraintFactory`1.cs' [3' 23])' ILogger (D:\research\architectureSmells\repos1\tamasflamich_effort\Main\Source\Effort.Shared\Internal\Diagnostics\ILogger.cs' [3' 23])' Logger (D:\research\architectureSmells\repos1\tamasflamich_effort\Main\Source\Effort.Shared\Internal\Diagnostics\Logger.cs' [3' 23])' CommonPropertyElementModifier (D:\research\architectureSmells\repos1\tamasflamich_effort\Main\Source\Effort.Shared\Internal\StorageSchema\CommonPropertyElementModifier.cs' [3' 23])' EffortProviderInformation (D:\research\architectureSmells\repos1\tamasflamich_effort\Main\Source\Effort.Shared\Internal\StorageSchema\EffortProviderInformation.cs' [3' 23])' EntityTypePropertyElementSelector (D:\research\architectureSmells\repos1\tamasflamich_effort\Main\Source\Effort.Shared\Internal\StorageSchema\EntityTypePropertyElementSelector.cs' [3' 23])' FunctionElementSelector (D:\research\architectureSmells\repos1\tamasflamich_effort\Main\Source\Effort.Shared\Internal\StorageSchema\FunctionElementSelector.cs' [3' 23])' FunctionParameterElementSelector (D:\research\architectureSmells\repos1\tamasflamich_effort\Main\Source\Effort.Shared\Internal\StorageSchema\FunctionParameterElementSelector.cs' [3' 23])' FunctionReturnRowTypePropertyElementSelector (D:\research\architectureSmells\repos1\tamasflamich_effort\Main\Source\Effort.Shared\Internal\StorageSchema\FunctionReturnRowTypePropertyElementSelector.cs' [3' 23])' FunctionTypeAttributeModifier (D:\research\architectureSmells\repos1\tamasflamich_effort\Main\Source\Effort.Shared\Internal\StorageSchema\FunctionTypeAttributeModifier.cs' [3' 23])' IProviderInformation (D:\research\architectureSmells\repos1\tamasflamich_effort\Main\Source\Effort.Shared\Internal\StorageSchema\IProviderInformation.cs' [3' 23])' ModificationContextHelper (D:\research\architectureSmells\repos1\tamasflamich_effort\Main\Source\Effort.Shared\Internal\StorageSchema\ModificationContextHelper.cs' [3' 23])' ModificationFunctionMappingModifier (D:\research\architectureSmells\repos1\tamasflamich_effort\Main\Source\Effort.Shared\Internal\StorageSchema\ModificationFunctionMappingModifier.cs' [3' 23])' PropertyTypeAttributeModifier (D:\research\architectureSmells\repos1\tamasflamich_effort\Main\Source\Effort.Shared\Internal\StorageSchema\PropertyTypeAttributeModifier.cs' [3' 23])' ProviderAttributeModifier (D:\research\architectureSmells\repos1\tamasflamich_effort\Main\Source\Effort.Shared\Internal\StorageSchema\ProviderAttributeModifier.cs' [3' 23])' ProviderAttributeSelector (D:\research\architectureSmells\repos1\tamasflamich_effort\Main\Source\Effort.Shared\Internal\StorageSchema\ProviderAttributeSelector.cs' [3' 23])' ProviderInformation (D:\research\architectureSmells\repos1\tamasflamich_effort\Main\Source\Effort.Shared\Internal\StorageSchema\ProviderInformation.cs' [3' 23])' ProviderManifestTokenAttributeModifier (D:\research\architectureSmells\repos1\tamasflamich_effort\Main\Source\Effort.Shared\Internal\StorageSchema\ProviderManifestTokenAttributeModifier.cs' [3' 23])' ProviderManifestTokenAttributeSelector (D:\research\architectureSmells\repos1\tamasflamich_effort\Main\Source\Effort.Shared\Internal\StorageSchema\ProviderManifestTokenAttributeSelector.cs' [3' 23])' ProviderParser (D:\research\architectureSmells\repos1\tamasflamich_effort\Main\Source\Effort.Shared\Internal\StorageSchema\ProviderParser.cs' [3' 23])' ReturnTypeAttributeSelector (D:\research\architectureSmells\repos1\tamasflamich_effort\Main\Source\Effort.Shared\Internal\StorageSchema\ReturnTypeAttributeSelector.cs' [3' 23])' StorageSchemaContentNameProvider (D:\research\architectureSmells\repos1\tamasflamich_effort\Main\Source\Effort.Shared\Internal\StorageSchema\StorageSchemaContentNameProvider.cs' [3' 23])' StorageSchemaNamespaces (D:\research\architectureSmells\repos1\tamasflamich_effort\Main\Source\Effort.Shared\Internal\StorageSchema\StorageSchemaNamespaces.cs' [3' 23])' StorageSchemaV1Modifier (D:\research\architectureSmells\repos1\tamasflamich_effort\Main\Source\Effort.Shared\Internal\StorageSchema\StorageSchemaV1Modifier.cs' [3' 23])' StorageSchemaV2Modifier (D:\research\architectureSmells\repos1\tamasflamich_effort\Main\Source\Effort.Shared\Internal\StorageSchema\StorageSchemaV2Modifier.cs' [3' 23])' StorageSchemaV3Modifier (D:\research\architectureSmells\repos1\tamasflamich_effort\Main\Source\Effort.Shared\Internal\StorageSchema\StorageSchemaV3Modifier.cs' [3' 23])' StorageTypeConverter (D:\research\architectureSmells\repos1\tamasflamich_effort\Main\Source\Effort.Shared\Internal\StorageSchema\StorageTypeConverter.cs' [3' 23])' TypeAttributeSelector (D:\research\architectureSmells\repos1\tamasflamich_effort\Main\Source\Effort.Shared\Internal\StorageSchema\TypeAttributeSelector.cs' [3' 23])' UniversalStorageSchemaModifier (D:\research\architectureSmells\repos1\tamasflamich_effort\Main\Source\Effort.Shared\Internal\StorageSchema\UniversalStorageSchemaModifier.cs' [3' 23])' DefaultTypeConverter (D:\research\architectureSmells\repos1\tamasflamich_effort\Main\Source\Effort.Shared\Internal\TypeConversion\DefaultTypeConverter.cs' [3' 23])' EdmTypeConverter (D:\research\architectureSmells\repos1\tamasflamich_effort\Main\Source\Effort.Shared\Internal\TypeConversion\EdmTypeConverter.cs' [3' 23])' FacetInfo (D:\research\architectureSmells\repos1\tamasflamich_effort\Main\Source\Effort.Shared\Internal\TypeConversion\FacetInformation.cs' [3' 23])' ITypeConverter (D:\research\architectureSmells\repos1\tamasflamich_effort\Main\Source\Effort.Shared\Internal\TypeConversion\ITypeConverter.cs' [3' 23])' EffortCommand (D:\research\architectureSmells\repos1\tamasflamich_effort\Main\Source\Effort.Shared\Provider\EffortCommand.cs' [3' 23])' EffortCommandBase (D:\research\architectureSmells\repos1\tamasflamich_effort\Main\Source\Effort.Shared\Provider\EffortCommandBase.cs' [3' 23])' EffortCommandDefinition (D:\research\architectureSmells\repos1\tamasflamich_effort\Main\Source\Effort.Shared\Provider\EffortCommandDefinition.cs' [3' 23])' EffortConnection (D:\research\architectureSmells\repos1\tamasflamich_effort\Main\Source\Effort.Shared\Provider\EffortConnection.cs' [3' 23])' EffortConnectionStringBuilder (D:\research\architectureSmells\repos1\tamasflamich_effort\Main\Source\Effort.Shared\Provider\EffortConnectionStringBuilder.cs' [3' 23])' EffortDataReader (D:\research\architectureSmells\repos1\tamasflamich_effort\Main\Source\Effort.Shared\Provider\EffortDataReader.cs' [3' 23])' EffortEntityCommand (D:\research\architectureSmells\repos1\tamasflamich_effort\Main\Source\Effort.Shared\Provider\EffortEntityCommand.cs' [3' 23])' EffortParameter (D:\research\architectureSmells\repos1\tamasflamich_effort\Main\Source\Effort.Shared\Provider\EffortParameter.cs' [3' 23])' EffortParameterCollection (D:\research\architectureSmells\repos1\tamasflamich_effort\Main\Source\Effort.Shared\Provider\EffortParameterCollection.cs' [3' 23])' EffortProviderConfiguration (D:\research\architectureSmells\repos1\tamasflamich_effort\Main\Source\Effort.Shared\Provider\EffortProviderConfiguration.cs' [3' 23])' EffortProviderFactory (D:\research\architectureSmells\repos1\tamasflamich_effort\Main\Source\Effort.Shared\Provider\EffortProviderFactory.cs' [3' 23])' EffortProviderInvariantName (D:\research\architectureSmells\repos1\tamasflamich_effort\Main\Source\Effort.Shared\Provider\EffortProviderInvariantName.cs' [3' 23])' EffortProviderManifest (D:\research\architectureSmells\repos1\tamasflamich_effort\Main\Source\Effort.Shared\Provider\EffortProviderManifest.cs' [3' 23])' EffortProviderManifestTokens (D:\research\architectureSmells\repos1\tamasflamich_effort\Main\Source\Effort.Shared\Provider\EffortProviderManifestTokens.cs' [3' 23])' EffortProviderServices (D:\research\architectureSmells\repos1\tamasflamich_effort\Main\Source\Effort.Shared\Provider\EffortProviderServices.cs' [3' 23])' EffortTransaction (D:\research\architectureSmells\repos1\tamasflamich_effort\Main\Source\Effort.Shared\Provider\EffortTransaction.cs' [3' 23])' EffortVersion (D:\research\architectureSmells\repos1\tamasflamich_effort\Main\Source\Effort.Shared\Provider\EffortVersion.cs' [3' 23])' IDbManager (D:\research\architectureSmells\repos1\tamasflamich_effort\Main\Source\Effort.Shared\Provider\IDbManager.cs' [3' 23])
Duplicate Abstraction,Effort.DataLoaders,CachingDataLoader,D:\research\architectureSmells\repos1\tamasflamich_effort\Main\Source\Effort.Shared\DataLoaders\CachingDataLoader.cs,The tool detected the smell in this class because a set of code clones has been found and at least one of the clones found in this class. List of code clones with start and end line numbers are:  CachingDataLoader (D:\research\architectureSmells\repos1\tamasflamich_effort\Main\Source\Effort.Shared\DataLoaders\CachingDataLoader.cs' [4' 23])' CachingTableDataLoader (D:\research\architectureSmells\repos1\tamasflamich_effort\Main\Source\Effort.Shared\DataLoaders\CachingTableDataLoader.cs' [4' 23])' CachingTableDataLoaderFactory (D:\research\architectureSmells\repos1\tamasflamich_effort\Main\Source\Effort.Shared\DataLoaders\CachingTableDataLoaderFactory.cs' [4' 23])' CachingTableDataLoaderStoreProxy (D:\research\architectureSmells\repos1\tamasflamich_effort\Main\Source\Effort.Shared\DataLoaders\CachingTableDataLoaderStoreProxy.cs' [4' 23])' ColumnDescription (D:\research\architectureSmells\repos1\tamasflamich_effort\Main\Source\Effort.Shared\DataLoaders\ColumnDescription.cs' [4' 23])' CsvDataLoader (D:\research\architectureSmells\repos1\tamasflamich_effort\Main\Source\Effort.Shared\DataLoaders\CsvDataLoader.cs' [4' 23])' CsvTableDataLoader (D:\research\architectureSmells\repos1\tamasflamich_effort\Main\Source\Effort.Shared\DataLoaders\CsvTableDataLoader.cs' [4' 23])' CsvTableDataLoaderFactory (D:\research\architectureSmells\repos1\tamasflamich_effort\Main\Source\Effort.Shared\DataLoaders\CsvTableDataLoaderFactory.cs' [4' 23])' CsvValueConverter (D:\research\architectureSmells\repos1\tamasflamich_effort\Main\Source\Effort.Shared\DataLoaders\CsvValueConverter.cs' [4' 23])' DataLoaderConfigurationLatchProxy (D:\research\architectureSmells\repos1\tamasflamich_effort\Main\Source\Effort.Shared\DataLoaders\DataLoaderConfigurationLatchProxy.cs' [4' 23])' EmptyDataLoader (D:\research\architectureSmells\repos1\tamasflamich_effort\Main\Source\Effort.Shared\DataLoaders\EmptyDataLoader.cs' [4' 23])' EmptyTableDataLoader (D:\research\architectureSmells\repos1\tamasflamich_effort\Main\Source\Effort.Shared\DataLoaders\EmptyTableDataLoader.cs' [4' 23])' EmptyTableDataLoaderFactory (D:\research\architectureSmells\repos1\tamasflamich_effort\Main\Source\Effort.Shared\DataLoaders\EmptyTableDataLoaderFactory.cs' [4' 23])' EntityDataLoader (D:\research\architectureSmells\repos1\tamasflamich_effort\Main\Source\Effort.Shared\DataLoaders\EntityDataLoader.cs' [4' 23])' EntityTableDataLoader (D:\research\architectureSmells\repos1\tamasflamich_effort\Main\Source\Effort.Shared\DataLoaders\EntityTableDataLoader.cs' [4' 23])' EntityTableDataLoaderFactory (D:\research\architectureSmells\repos1\tamasflamich_effort\Main\Source\Effort.Shared\DataLoaders\EntityTableDataLoaderFactory.cs' [4' 23])' FileSource (D:\research\architectureSmells\repos1\tamasflamich_effort\Main\Source\Effort.Shared\DataLoaders\FileSource.cs' [4' 23])' ICachingTableDataLoaderStore (D:\research\architectureSmells\repos1\tamasflamich_effort\Main\Source\Effort.Shared\DataLoaders\ICachingTableDataLoaderStore.cs' [4' 23])' IDataLoader (D:\research\architectureSmells\repos1\tamasflamich_effort\Main\Source\Effort.Shared\DataLoaders\IDataLoader.cs' [4' 23])' IDataLoaderConfigurationLatch (D:\research\architectureSmells\repos1\tamasflamich_effort\Main\Source\Effort.Shared\DataLoaders\IDataLoaderConfigurationLatch.cs' [4' 23])' IFileReference (D:\research\architectureSmells\repos1\tamasflamich_effort\Main\Source\Effort.Shared\DataLoaders\IFileReference.cs' [4' 23])' ITableDataLoader (D:\research\architectureSmells\repos1\tamasflamich_effort\Main\Source\Effort.Shared\DataLoaders\ITableDataLoader.cs' [4' 23])' ITableDataLoaderFactory (D:\research\architectureSmells\repos1\tamasflamich_effort\Main\Source\Effort.Shared\DataLoaders\ITableDataLoaderFactory.cs' [4' 23])' IValueConverter (D:\research\architectureSmells\repos1\tamasflamich_effort\Main\Source\Effort.Shared\DataLoaders\IValueConverter.cs' [4' 23])' ObjectLoader (D:\research\architectureSmells\repos1\tamasflamich_effort\Main\Source\Effort.Shared\DataLoaders\ObjectLoader.cs' [4' 23])' TableDataLoaderBase (D:\research\architectureSmells\repos1\tamasflamich_effort\Main\Source\Effort.Shared\DataLoaders\TableDataLoaderBase.cs' [4' 23])' TableDescription (D:\research\architectureSmells\repos1\tamasflamich_effort\Main\Source\Effort.Shared\DataLoaders\TableDescription.cs' [4' 23])' FileSystemFileProvider (D:\research\architectureSmells\repos1\tamasflamich_effort\Main\Source\Effort.Shared\DataLoaders\Internal\FileSystemFileProvider.cs' [4' 23])' FileSystemFileReference (D:\research\architectureSmells\repos1\tamasflamich_effort\Main\Source\Effort.Shared\DataLoaders\Internal\FileSystemFileReference.cs' [4' 23])' IFileProvider (D:\research\architectureSmells\repos1\tamasflamich_effort\Main\Source\Effort.Shared\DataLoaders\Internal\IFileProvider.cs' [4' 23])' InvalidFileProvider (D:\research\architectureSmells\repos1\tamasflamich_effort\Main\Source\Effort.Shared\DataLoaders\Internal\InvalidFileProvider.cs' [4' 23])' ResourceFileProvider (D:\research\architectureSmells\repos1\tamasflamich_effort\Main\Source\Effort.Shared\DataLoaders\Internal\ResourceFileProvider.cs' [4' 23])' ResourceFileReference (D:\research\architectureSmells\repos1\tamasflamich_effort\Main\Source\Effort.Shared\DataLoaders\Internal\ResourceFileReference.cs' [4' 23])' DbConnectionFactory (D:\research\architectureSmells\repos1\tamasflamich_effort\Main\Source\Effort.Shared\DbConnectionFactory.cs' [4' 23])' EntityConnectionFactory (D:\research\architectureSmells\repos1\tamasflamich_effort\Main\Source\Effort.Shared\EntityConnectionFactory.cs' [4' 23])' ObjectContextFactory (D:\research\architectureSmells\repos1\tamasflamich_effort\Main\Source\Effort.Shared\ObjectContextFactory.cs' [4' 23])' EffortException (D:\research\architectureSmells\repos1\tamasflamich_effort\Main\Source\Effort.Shared\Exceptions\EffortException.cs' [4' 23])' ExceptionMessages (D:\research\architectureSmells\repos1\tamasflamich_effort\Main\Source\Effort.Shared\Exceptions\ExceptionMessages.cs' [4' 23])' CachingTableDataLoaderKey (D:\research\architectureSmells\repos1\tamasflamich_effort\Main\Source\Effort.Shared\Internal\Caching\CachingTableDataLoaderKey.cs' [4' 23])' CachingTableDataLoaderStore (D:\research\architectureSmells\repos1\tamasflamich_effort\Main\Source\Effort.Shared\Internal\Caching\CachingTableDataLoaderStore.cs' [4' 23])' ConcurrentCache<TKey'TElement> (D:\research\architectureSmells\repos1\tamasflamich_effort\Main\Source\Effort.Shared\Internal\Caching\ConcurrentCache`2.cs' [4' 23])' DataLoaderConfigurationKey (D:\research\architectureSmells\repos1\tamasflamich_effort\Main\Source\Effort.Shared\Internal\Caching\DataLoaderConfigurationKey.cs' [4' 23])' DataLoaderConfigurationLatch (D:\research\architectureSmells\repos1\tamasflamich_effort\Main\Source\Effort.Shared\Internal\Caching\DataLoaderConfigurationLatch.cs' [4' 23])' DataLoaderConfigurationLatchStore (D:\research\architectureSmells\repos1\tamasflamich_effort\Main\Source\Effort.Shared\Internal\Caching\DataLoaderConfigurationLatchStore.cs' [4' 23])' DbContainerStore (D:\research\architectureSmells\repos1\tamasflamich_effort\Main\Source\Effort.Shared\Internal\Caching\DbContainerStore.cs' [4' 23])' DbSchemaKey (D:\research\architectureSmells\repos1\tamasflamich_effort\Main\Source\Effort.Shared\Internal\Caching\DbSchemaKey.cs' [4' 23])' DbSchemaStore (D:\research\architectureSmells\repos1\tamasflamich_effort\Main\Source\Effort.Shared\Internal\Caching\DbSchemaStore.cs' [4' 23])' MetadataWorkspaceStore (D:\research\architectureSmells\repos1\tamasflamich_effort\Main\Source\Effort.Shared\Internal\Caching\MetadataWorkspaceStore.cs' [4' 23])' ObjectContextTypeKey (D:\research\architectureSmells\repos1\tamasflamich_effort\Main\Source\Effort.Shared\Internal\Caching\ObjectContextTypeKey.cs' [4' 23])' ObjectContextTypeStore (D:\research\architectureSmells\repos1\tamasflamich_effort\Main\Source\Effort.Shared\Internal\Caching\ObjectContextTypeStore.cs' [4' 23])' ActionContext (D:\research\architectureSmells\repos1\tamasflamich_effort\Main\Source\Effort.Shared\Internal\CommandActions\ActionContext.cs' [4' 23])' CommandActionFactory (D:\research\architectureSmells\repos1\tamasflamich_effort\Main\Source\Effort.Shared\Internal\CommandActions\CommandActionFactory.cs' [4' 23])' CommandActionParameter (D:\research\architectureSmells\repos1\tamasflamich_effort\Main\Source\Effort.Shared\Internal\CommandActions\CommandActionParameter.cs' [4' 23])' DbCommandActionHelper (D:\research\architectureSmells\repos1\tamasflamich_effort\Main\Source\Effort.Shared\Internal\CommandActions\DbCommandActionHelper.cs' [4' 23])' DeleteCommandAction (D:\research\architectureSmells\repos1\tamasflamich_effort\Main\Source\Effort.Shared\Internal\CommandActions\DeleteCommandAction.cs' [4' 23])' ICommandAction (D:\research\architectureSmells\repos1\tamasflamich_effort\Main\Source\Effort.Shared\Internal\CommandActions\ICommandAction.cs' [4' 23])' InsertCommandAction (D:\research\architectureSmells\repos1\tamasflamich_effort\Main\Source\Effort.Shared\Internal\CommandActions\InsertCommandAction.cs' [4' 23])' QueryCommandAction (D:\research\architectureSmells\repos1\tamasflamich_effort\Main\Source\Effort.Shared\Internal\CommandActions\QueryCommandAction.cs' [4' 23])' UpdateCommandAction (D:\research\architectureSmells\repos1\tamasflamich_effort\Main\Source\Effort.Shared\Internal\CommandActions\UpdateCommandAction.cs' [4' 23])' CommandTreeBuilder (D:\research\architectureSmells\repos1\tamasflamich_effort\Main\Source\Effort.Shared\Internal\Common\CommandTreeBuilder.cs' [4' 23])' DatabaseReflectionHelper (D:\research\architectureSmells\repos1\tamasflamich_effort\Main\Source\Effort.Shared\Internal\Common\DatabaseReflectionHelper.cs' [4' 23])' EdmHelper (D:\research\architectureSmells\repos1\tamasflamich_effort\Main\Source\Effort.Shared\Internal\Common\EdmHelper.cs' [4' 23])' EmitHelper (D:\research\architectureSmells\repos1\tamasflamich_effort\Main\Source\Effort.Shared\Internal\Common\EmitHelper.cs' [4' 23])' ExpressionHelper (D:\research\architectureSmells\repos1\tamasflamich_effort\Main\Source\Effort.Shared\Internal\Common\ExpressionHelper.cs' [4' 23])' FastLazy<T> (D:\research\architectureSmells\repos1\tamasflamich_effort\Main\Source\Effort.Shared\Internal\Common\FastLazy`1.cs' [4' 23])' FieldDescription (D:\research\architectureSmells\repos1\tamasflamich_effort\Main\Source\Effort.Shared\Internal\Common\FieldDescription.cs' [4' 23])' MetadataWorkspaceHelper (D:\research\architectureSmells\repos1\tamasflamich_effort\Main\Source\Effort.Shared\Internal\Common\MetadataWorkspaceHelper.cs' [4' 23])' ProviderHelper (D:\research\architectureSmells\repos1\tamasflamich_effort\Main\Source\Effort.Shared\Internal\Common\ProviderHelper.cs' [4' 23])' ReflectionHelper (D:\research\architectureSmells\repos1\tamasflamich_effort\Main\Source\Effort.Shared\Internal\Common\ReflectionHelper.cs' [4' 23])' TupleTypeHelper (D:\research\architectureSmells\repos1\tamasflamich_effort\Main\Source\Effort.Shared\Internal\Common\TupleTypeHelper.cs' [4' 23])' TypeHelper (D:\research\architectureSmells\repos1\tamasflamich_effort\Main\Source\Effort.Shared\Internal\Common\TypeHelper.cs' [4' 23])' TypeUsageHelper (D:\research\architectureSmells\repos1\tamasflamich_effort\Main\Source\Effort.Shared\Internal\Common\TypeUsageHelper.cs' [4' 23])' AggregatedElementModifier (D:\research\architectureSmells\repos1\tamasflamich_effort\Main\Source\Effort.Shared\Internal\Common\XmlProcessing\AggregatedElementModifier.cs' [4' 23])' ComposedElementModifier (D:\research\architectureSmells\repos1\tamasflamich_effort\Main\Source\Effort.Shared\Internal\Common\XmlProcessing\ComposedElementModifier.cs' [4' 23])' IAttributeModifier (D:\research\architectureSmells\repos1\tamasflamich_effort\Main\Source\Effort.Shared\Internal\Common\XmlProcessing\IAttributeModifier.cs' [4' 23])' IElementAttributeSelector (D:\research\architectureSmells\repos1\tamasflamich_effort\Main\Source\Effort.Shared\Internal\Common\XmlProcessing\IElementAttributeSelector.cs' [4' 23])' IElementModifier (D:\research\architectureSmells\repos1\tamasflamich_effort\Main\Source\Effort.Shared\Internal\Common\XmlProcessing\IElementModifier.cs' [4' 23])' IElementSelector (D:\research\architectureSmells\repos1\tamasflamich_effort\Main\Source\Effort.Shared\Internal\Common\XmlProcessing\IElementSelector.cs' [4' 23])' IElementVisitor (D:\research\architectureSmells\repos1\tamasflamich_effort\Main\Source\Effort.Shared\Internal\Common\XmlProcessing\IElementVisitor`1.cs' [4' 23])' IModificationContext (D:\research\architectureSmells\repos1\tamasflamich_effort\Main\Source\Effort.Shared\Internal\Common\XmlProcessing\IModificationContext.cs' [4' 23])' ModificationContext (D:\research\architectureSmells\repos1\tamasflamich_effort\Main\Source\Effort.Shared\Internal\Common\XmlProcessing\ModificationContext.cs' [4' 23])' SelfElementSelector (D:\research\architectureSmells\repos1\tamasflamich_effort\Main\Source\Effort.Shared\Internal\Common\XmlProcessing\SelfElementSelector.cs' [4' 23])' CsvReader (D:\research\architectureSmells\repos1\tamasflamich_effort\Main\Source\Effort.Shared\Internal\Csv\CsvReader.cs' [5' 24])' DataReaderValidations (D:\research\architectureSmells\repos1\tamasflamich_effort\Main\Source\Effort.Shared\Internal\Csv\CsvReader.DataReaderValidations.cs' [5' 24])' RecordEnumerator (D:\research\architectureSmells\repos1\tamasflamich_effort\Main\Source\Effort.Shared\Internal\Csv\CsvReader.RecordEnumerator.cs' [5' 24])' FieldValue (D:\research\architectureSmells\repos1\tamasflamich_effort\Main\Source\Effort.Shared\Internal\Csv\FieldValue.cs' [5' 24])' MalformedCsvException (D:\research\architectureSmells\repos1\tamasflamich_effort\Main\Source\Effort.Shared\Internal\Csv\MalformedCsvException.cs' [5' 24])' MissingFieldAction (D:\research\architectureSmells\repos1\tamasflamich_effort\Main\Source\Effort.Shared\Internal\Csv\MissingFieldAction.cs' [5' 24])' MissingFieldCsvException (D:\research\architectureSmells\repos1\tamasflamich_effort\Main\Source\Effort.Shared\Internal\Csv\MissingFieldCsvException.cs' [5' 24])' ParseErrorAction (D:\research\architectureSmells\repos1\tamasflamich_effort\Main\Source\Effort.Shared\Internal\Csv\ParseErrorAction.cs' [5' 24])' ParseErrorEventArgs (D:\research\architectureSmells\repos1\tamasflamich_effort\Main\Source\Effort.Shared\Internal\Csv\ParseErrorEventArgs.cs' [5' 24])' ValueTrimmingOptions (D:\research\architectureSmells\repos1\tamasflamich_effort\Main\Source\Effort.Shared\Internal\Csv\ValueTrimmingOptions.cs' [5' 24])' CanonicalFunctionMapper (D:\research\architectureSmells\repos1\tamasflamich_effort\Main\Source\Effort.Shared\Internal\DbCommandTreeTransformation\CanonicalFunctions.cs' [4' 23])' DbFunctions (D:\research\architectureSmells\repos1\tamasflamich_effort\Main\Source\Effort.Shared\Internal\DbCommandTreeTransformation\DbFunctions.cs' [4' 23])' EntitySetSearchVisitor (D:\research\architectureSmells\repos1\tamasflamich_effort\Main\Source\Effort.Shared\Internal\DbCommandTreeTransformation\EntitySetSearchVisitor.cs' [4' 23])' IDbMethodProvider (D:\research\architectureSmells\repos1\tamasflamich_effort\Main\Source\Effort.Shared\Internal\DbCommandTreeTransformation\IDbMethodProvider.cs' [4' 23])' ITableProvider (D:\research\architectureSmells\repos1\tamasflamich_effort\Main\Source\Effort.Shared\Internal\DbCommandTreeTransformation\ITableProvider.cs' [4' 23])' LinqMethodExpressionBuilder (D:\research\architectureSmells\repos1\tamasflamich_effort\Main\Source\Effort.Shared\Internal\DbCommandTreeTransformation\LinqMethodExpressionBuilder.cs' [4' 23])' LinqMethodProvider (D:\research\architectureSmells\repos1\tamasflamich_effort\Main\Source\Effort.Shared\Internal\DbCommandTreeTransformation\LinqMethodProvider.cs' [4' 23])' MethodInfoGroup (D:\research\architectureSmells\repos1\tamasflamich_effort\Main\Source\Effort.Shared\Internal\DbCommandTreeTransformation\MethodInfoGroup.cs' [4' 23])' NullableEnumerableExtensionMethods (D:\research\architectureSmells\repos1\tamasflamich_effort\Main\Source\Effort.Shared\Internal\DbCommandTreeTransformation\NullableEnumerableExtensionMethods.cs' [4' 23])' SingleResult<T> (D:\research\architectureSmells\repos1\tamasflamich_effort\Main\Source\Effort.Shared\Internal\DbCommandTreeTransformation\SingleResult.cs' [4' 23])' TransformVisitor (D:\research\architectureSmells\repos1\tamasflamich_effort\Main\Source\Effort.Shared\Internal\DbCommandTreeTransformation\TransformVisitor.And.cs' [4' 23])' TraversalVisitor (D:\research\architectureSmells\repos1\tamasflamich_effort\Main\Source\Effort.Shared\Internal\DbCommandTreeTransformation\TraversalVisitor.cs' [4' 23])' Variable (D:\research\architectureSmells\repos1\tamasflamich_effort\Main\Source\Effort.Shared\Internal\DbCommandTreeTransformation\Variable.cs' [4' 23])' VariableCollection (D:\research\architectureSmells\repos1\tamasflamich_effort\Main\Source\Effort.Shared\Internal\DbCommandTreeTransformation\VariableCollection.cs' [4' 23])' VariableHandler (D:\research\architectureSmells\repos1\tamasflamich_effort\Main\Source\Effort.Shared\Internal\DbCommandTreeTransformation\VariableHandler.cs' [4' 23])' DateTimeFunctions (D:\research\architectureSmells\repos1\tamasflamich_effort\Main\Source\Effort.Shared\Internal\DbCommandTreeTransformation\Functions\DateTimeFunctions.cs' [4' 23])' DateTimeOffsetFunctions (D:\research\architectureSmells\repos1\tamasflamich_effort\Main\Source\Effort.Shared\Internal\DbCommandTreeTransformation\Functions\DateTimeOffsetFunctions.cs' [4' 23])' DecimalFunctions (D:\research\architectureSmells\repos1\tamasflamich_effort\Main\Source\Effort.Shared\Internal\DbCommandTreeTransformation\Functions\DecimalFunctions.cs' [4' 23])' DoubleFunctions (D:\research\architectureSmells\repos1\tamasflamich_effort\Main\Source\Effort.Shared\Internal\DbCommandTreeTransformation\Functions\DoubleFunctions.cs' [4' 23])' GuidFunctions (D:\research\architectureSmells\repos1\tamasflamich_effort\Main\Source\Effort.Shared\Internal\DbCommandTreeTransformation\Functions\GuidFunctions.cs' [4' 23])' IntegerFunctions (D:\research\architectureSmells\repos1\tamasflamich_effort\Main\Source\Effort.Shared\Internal\DbCommandTreeTransformation\Functions\IntegerFunctions.cs' [4' 23])' StringFunctions (D:\research\architectureSmells\repos1\tamasflamich_effort\Main\Source\Effort.Shared\Internal\DbCommandTreeTransformation\Functions\StringFunctions.cs' [4' 23])' TimeFunctions (D:\research\architectureSmells\repos1\tamasflamich_effort\Main\Source\Effort.Shared\Internal\DbCommandTreeTransformation\Functions\TimeFunctions.cs' [4' 23])' CanonicalContainer (D:\research\architectureSmells\repos1\tamasflamich_effort\Main\Source\Effort.Shared\Internal\DbManagement\CanonicalContainer.cs' [4' 23])' DbContainer (D:\research\architectureSmells\repos1\tamasflamich_effort\Main\Source\Effort.Shared\Internal\DbManagement\DbContainer.cs' [4' 23])' DbContainerManagerWrapper (D:\research\architectureSmells\repos1\tamasflamich_effort\Main\Source\Effort.Shared\Internal\DbManagement\DbContainerManagerWrapper.cs' [4' 23])' DbContainerParameters (D:\research\architectureSmells\repos1\tamasflamich_effort\Main\Source\Effort.Shared\Internal\DbManagement\DbContainerParameters.cs' [4' 23])' DbExtensions (D:\research\architectureSmells\repos1\tamasflamich_effort\Main\Source\Effort.Shared\Internal\DbManagement\DbExtensions.cs' [4' 23])' DbMethodProvider (D:\research\architectureSmells\repos1\tamasflamich_effort\Main\Source\Effort.Shared\Internal\DbManagement\DbMethodProvider.cs' [4' 23])' DatabaseComponentFactory (D:\research\architectureSmells\repos1\tamasflamich_effort\Main\Source\Effort.Shared\Internal\DbManagement\Engine\DatabaseComponentFactory.cs' [4' 23])' ExtendedQueryCompiler (D:\research\architectureSmells\repos1\tamasflamich_effort\Main\Source\Effort.Shared\Internal\DbManagement\Engine\ExtendedQueryCompiler.cs' [4' 23])' ExtendedTable<TEntity'TPrimaryKey> (D:\research\architectureSmells\repos1\tamasflamich_effort\Main\Source\Effort.Shared\Internal\DbManagement\Engine\ExtendedTable`2.cs' [4' 23])' IExtendedTable (D:\research\architectureSmells\repos1\tamasflamich_effort\Main\Source\Effort.Shared\Internal\DbManagement\Engine\IExtendedTable.cs' [4' 23])' ExtendedTableService (D:\research\architectureSmells\repos1\tamasflamich_effort\Main\Source\Effort.Shared\Internal\DbManagement\Engine\Services\ExtendedTableService.cs' [4' 23])' ExcrescentInitializationCleanserVisitor (D:\research\architectureSmells\repos1\tamasflamich_effort\Main\Source\Effort.Shared\Internal\DbManagement\Engine\Rewriters\ExcrescentInitializationCleanserVisitor.cs' [4' 23])' ExcrescentSingleResultCleanserVisitor (D:\research\architectureSmells\repos1\tamasflamich_effort\Main\Source\Effort.Shared\Internal\DbManagement\Engine\Rewriters\ExcrescentSingleResultCleanserVisitor.cs' [4' 23])' SumTransformerVisitor (D:\research\architectureSmells\repos1\tamasflamich_effort\Main\Source\Effort.Shared\Internal\DbManagement\Engine\Rewriters\SumTransformerVisitor.cs' [4' 23])' DataRowKeyInfoService (D:\research\architectureSmells\repos1\tamasflamich_effort\Main\Source\Effort.Shared\Internal\DbManagement\Engine\Services\DataRowKeyInfoService.cs' [4' 23])' ExtendedKeyInfoFactory (D:\research\architectureSmells\repos1\tamasflamich_effort\Main\Source\Effort.Shared\Internal\DbManagement\Engine\Services\ExtendedKeyInfoFactory.cs' [4' 23])' BareSchemaBase (D:\research\architectureSmells\repos1\tamasflamich_effort\Main\Source\Effort.Shared\Internal\DbManagement\Schema\BareSchemaBase.cs' [4' 23])' DbRelationInfo (D:\research\architectureSmells\repos1\tamasflamich_effort\Main\Source\Effort.Shared\Internal\DbManagement\Schema\DbRelationInfo.cs' [4' 23])' DbSchema (D:\research\architectureSmells\repos1\tamasflamich_effort\Main\Source\Effort.Shared\Internal\DbManagement\Schema\DbSchema.cs' [4' 23])' DbSchemaFactory (D:\research\architectureSmells\repos1\tamasflamich_effort\Main\Source\Effort.Shared\Internal\DbManagement\Schema\DbSchemaFactory.cs' [4' 23])' DbTableInfo (D:\research\architectureSmells\repos1\tamasflamich_effort\Main\Source\Effort.Shared\Internal\DbManagement\Schema\DbTableInfo.cs' [4' 23])' DynamicBareSchema (D:\research\architectureSmells\repos1\tamasflamich_effort\Main\Source\Effort.Shared\Internal\DbManagement\Schema\DynamicBareSchema.cs' [4' 23])' IBareSchema (D:\research\architectureSmells\repos1\tamasflamich_effort\Main\Source\Effort.Shared\Internal\DbManagement\Schema\IBareSchema.cs' [4' 23])' KeyInfoHelper (D:\research\architectureSmells\repos1\tamasflamich_effort\Main\Source\Effort.Shared\Internal\DbManagement\Schema\KeyInfoHelper.cs' [4' 23])' TableName (D:\research\architectureSmells\repos1\tamasflamich_effort\Main\Source\Effort.Shared\Internal\DbManagement\Schema\TableName.cs' [4' 23])' AssociationInfo (D:\research\architectureSmells\repos1\tamasflamich_effort\Main\Source\Effort.Shared\Internal\DbManagement\Schema\Configuration\AssociationInfo.cs' [4' 23])' AssociationTableInfo (D:\research\architectureSmells\repos1\tamasflamich_effort\Main\Source\Effort.Shared\Internal\DbManagement\Schema\Configuration\AssociationTableInfo.cs' [4' 23])' BareSchemaConfiguration (D:\research\architectureSmells\repos1\tamasflamich_effort\Main\Source\Effort.Shared\Internal\DbManagement\Schema\Configuration\BareSchemaConfiguration.cs' [4' 23])' CharLimitConfiguration (D:\research\architectureSmells\repos1\tamasflamich_effort\Main\Source\Effort.Shared\Internal\DbManagement\Schema\Configuration\CharLimitConfiguration.cs' [4' 23])' EntityInfo (D:\research\architectureSmells\repos1\tamasflamich_effort\Main\Source\Effort.Shared\Internal\DbManagement\Schema\Configuration\EntityInfo.cs' [4' 23])' EntityPropertyInfo (D:\research\architectureSmells\repos1\tamasflamich_effort\Main\Source\Effort.Shared\Internal\DbManagement\Schema\Configuration\EntityPropertyInfo.cs' [4' 23])' GeneratedGuidConfiguration (D:\research\architectureSmells\repos1\tamasflamich_effort\Main\Source\Effort.Shared\Internal\DbManagement\Schema\Configuration\GeneratedGuidConfiguration.cs' [4' 23])' IdentityConfiguration (D:\research\architectureSmells\repos1\tamasflamich_effort\Main\Source\Effort.Shared\Internal\DbManagement\Schema\Configuration\IdentityConfiguration.cs' [4' 23])' IndexConfiguration (D:\research\architectureSmells\repos1\tamasflamich_effort\Main\Source\Effort.Shared\Internal\DbManagement\Schema\Configuration\IndexConfiguration.cs' [4' 23])' IndexInfo (D:\research\architectureSmells\repos1\tamasflamich_effort\Main\Source\Effort.Shared\Internal\DbManagement\Schema\Configuration\IndexInfo.cs' [4' 23])' IRelationConfiguration (D:\research\architectureSmells\repos1\tamasflamich_effort\Main\Source\Effort.Shared\Internal\DbManagement\Schema\Configuration\IRelationConfiguration.cs' [4' 23])' ITableConfiguration (D:\research\architectureSmells\repos1\tamasflamich_effort\Main\Source\Effort.Shared\Internal\DbManagement\Schema\Configuration\ITableConfiguration.cs' [4' 23])' NotNullConfiguration (D:\research\architectureSmells\repos1\tamasflamich_effort\Main\Source\Effort.Shared\Internal\DbManagement\Schema\Configuration\NotNullConfiguration.cs' [4' 23])' PrimaryKeyConfiguration (D:\research\architectureSmells\repos1\tamasflamich_effort\Main\Source\Effort.Shared\Internal\DbManagement\Schema\Configuration\PrimaryKeyConfiguration.cs' [4' 23])' RelationConfiguration (D:\research\architectureSmells\repos1\tamasflamich_effort\Main\Source\Effort.Shared\Internal\DbManagement\Schema\Configuration\RelationConfiguration.cs' [4' 23])' RelationConfigurationGroup (D:\research\architectureSmells\repos1\tamasflamich_effort\Main\Source\Effort.Shared\Internal\DbManagement\Schema\Configuration\RelationConfigurationGroup.cs' [4' 23])' TableConfigurationGroup (D:\research\architectureSmells\repos1\tamasflamich_effort\Main\Source\Effort.Shared\Internal\DbManagement\Schema\Configuration\TableConfigurationGroup.cs' [4' 23])' VarcharLimitConfiguration (D:\research\architectureSmells\repos1\tamasflamich_effort\Main\Source\Effort.Shared\Internal\DbManagement\Schema\Configuration\VarcharLimitConfiguration.cs' [4' 23])' CharLimitConstraintFactory<TEntity> (D:\research\architectureSmells\repos1\tamasflamich_effort\Main\Source\Effort.Shared\Internal\DbManagement\Schema\Constraints\CharLimitConstraintFactory`1.cs' [4' 23])' ConstraintFactories (D:\research\architectureSmells\repos1\tamasflamich_effort\Main\Source\Effort.Shared\Internal\DbManagement\Schema\Constraints\ConstraintFactories.cs' [4' 23])' ConstraintFactoryBase<TEntity'TMember> (D:\research\architectureSmells\repos1\tamasflamich_effort\Main\Source\Effort.Shared\Internal\DbManagement\Schema\Constraints\ConstraintFactoryBase`2.cs' [4' 23])' GeneratedGuidConstraintFactory<TEntity> (D:\research\architectureSmells\repos1\tamasflamich_effort\Main\Source\Effort.Shared\Internal\DbManagement\Schema\Constraints\GeneratedGuidConstraintFactory`1.cs' [4' 23])' NotNullableConstraintFactory<TEntity'TMember> (D:\research\architectureSmells\repos1\tamasflamich_effort\Main\Source\Effort.Shared\Internal\DbManagement\Schema\Constraints\NotNullableConstraintFactory`2.cs' [4' 23])' VarCharLimitConstraintFactory<TEntity> (D:\research\architectureSmells\repos1\tamasflamich_effort\Main\Source\Effort.Shared\Internal\DbManagement\Schema\Constraints\VarCharLimitConstraintFactory`1.cs' [4' 23])' ILogger (D:\research\architectureSmells\repos1\tamasflamich_effort\Main\Source\Effort.Shared\Internal\Diagnostics\ILogger.cs' [4' 23])' Logger (D:\research\architectureSmells\repos1\tamasflamich_effort\Main\Source\Effort.Shared\Internal\Diagnostics\Logger.cs' [4' 23])' CommonPropertyElementModifier (D:\research\architectureSmells\repos1\tamasflamich_effort\Main\Source\Effort.Shared\Internal\StorageSchema\CommonPropertyElementModifier.cs' [4' 23])' EffortProviderInformation (D:\research\architectureSmells\repos1\tamasflamich_effort\Main\Source\Effort.Shared\Internal\StorageSchema\EffortProviderInformation.cs' [4' 23])' EntityTypePropertyElementSelector (D:\research\architectureSmells\repos1\tamasflamich_effort\Main\Source\Effort.Shared\Internal\StorageSchema\EntityTypePropertyElementSelector.cs' [4' 23])' FunctionElementSelector (D:\research\architectureSmells\repos1\tamasflamich_effort\Main\Source\Effort.Shared\Internal\StorageSchema\FunctionElementSelector.cs' [4' 23])' FunctionParameterElementSelector (D:\research\architectureSmells\repos1\tamasflamich_effort\Main\Source\Effort.Shared\Internal\StorageSchema\FunctionParameterElementSelector.cs' [4' 23])' FunctionReturnRowTypePropertyElementSelector (D:\research\architectureSmells\repos1\tamasflamich_effort\Main\Source\Effort.Shared\Internal\StorageSchema\FunctionReturnRowTypePropertyElementSelector.cs' [4' 23])' FunctionTypeAttributeModifier (D:\research\architectureSmells\repos1\tamasflamich_effort\Main\Source\Effort.Shared\Internal\StorageSchema\FunctionTypeAttributeModifier.cs' [4' 23])' IProviderInformation (D:\research\architectureSmells\repos1\tamasflamich_effort\Main\Source\Effort.Shared\Internal\StorageSchema\IProviderInformation.cs' [4' 23])' ModificationContextHelper (D:\research\architectureSmells\repos1\tamasflamich_effort\Main\Source\Effort.Shared\Internal\StorageSchema\ModificationContextHelper.cs' [4' 23])' ModificationFunctionMappingModifier (D:\research\architectureSmells\repos1\tamasflamich_effort\Main\Source\Effort.Shared\Internal\StorageSchema\ModificationFunctionMappingModifier.cs' [4' 23])' PropertyTypeAttributeModifier (D:\research\architectureSmells\repos1\tamasflamich_effort\Main\Source\Effort.Shared\Internal\StorageSchema\PropertyTypeAttributeModifier.cs' [4' 23])' ProviderAttributeModifier (D:\research\architectureSmells\repos1\tamasflamich_effort\Main\Source\Effort.Shared\Internal\StorageSchema\ProviderAttributeModifier.cs' [4' 23])' ProviderAttributeSelector (D:\research\architectureSmells\repos1\tamasflamich_effort\Main\Source\Effort.Shared\Internal\StorageSchema\ProviderAttributeSelector.cs' [4' 23])' ProviderInformation (D:\research\architectureSmells\repos1\tamasflamich_effort\Main\Source\Effort.Shared\Internal\StorageSchema\ProviderInformation.cs' [4' 23])' ProviderManifestTokenAttributeModifier (D:\research\architectureSmells\repos1\tamasflamich_effort\Main\Source\Effort.Shared\Internal\StorageSchema\ProviderManifestTokenAttributeModifier.cs' [4' 23])' ProviderManifestTokenAttributeSelector (D:\research\architectureSmells\repos1\tamasflamich_effort\Main\Source\Effort.Shared\Internal\StorageSchema\ProviderManifestTokenAttributeSelector.cs' [4' 23])' ProviderParser (D:\research\architectureSmells\repos1\tamasflamich_effort\Main\Source\Effort.Shared\Internal\StorageSchema\ProviderParser.cs' [4' 23])' ReturnTypeAttributeSelector (D:\research\architectureSmells\repos1\tamasflamich_effort\Main\Source\Effort.Shared\Internal\StorageSchema\ReturnTypeAttributeSelector.cs' [4' 23])' StorageSchemaContentNameProvider (D:\research\architectureSmells\repos1\tamasflamich_effort\Main\Source\Effort.Shared\Internal\StorageSchema\StorageSchemaContentNameProvider.cs' [4' 23])' StorageSchemaNamespaces (D:\research\architectureSmells\repos1\tamasflamich_effort\Main\Source\Effort.Shared\Internal\StorageSchema\StorageSchemaNamespaces.cs' [4' 23])' StorageSchemaV1Modifier (D:\research\architectureSmells\repos1\tamasflamich_effort\Main\Source\Effort.Shared\Internal\StorageSchema\StorageSchemaV1Modifier.cs' [4' 23])' StorageSchemaV2Modifier (D:\research\architectureSmells\repos1\tamasflamich_effort\Main\Source\Effort.Shared\Internal\StorageSchema\StorageSchemaV2Modifier.cs' [4' 23])' StorageSchemaV3Modifier (D:\research\architectureSmells\repos1\tamasflamich_effort\Main\Source\Effort.Shared\Internal\StorageSchema\StorageSchemaV3Modifier.cs' [4' 23])' StorageTypeConverter (D:\research\architectureSmells\repos1\tamasflamich_effort\Main\Source\Effort.Shared\Internal\StorageSchema\StorageTypeConverter.cs' [4' 23])' TypeAttributeSelector (D:\research\architectureSmells\repos1\tamasflamich_effort\Main\Source\Effort.Shared\Internal\StorageSchema\TypeAttributeSelector.cs' [4' 23])' UniversalStorageSchemaModifier (D:\research\architectureSmells\repos1\tamasflamich_effort\Main\Source\Effort.Shared\Internal\StorageSchema\UniversalStorageSchemaModifier.cs' [4' 23])' DefaultTypeConverter (D:\research\architectureSmells\repos1\tamasflamich_effort\Main\Source\Effort.Shared\Internal\TypeConversion\DefaultTypeConverter.cs' [4' 23])' EdmTypeConverter (D:\research\architectureSmells\repos1\tamasflamich_effort\Main\Source\Effort.Shared\Internal\TypeConversion\EdmTypeConverter.cs' [4' 23])' FacetInfo (D:\research\architectureSmells\repos1\tamasflamich_effort\Main\Source\Effort.Shared\Internal\TypeConversion\FacetInformation.cs' [4' 23])' ITypeConverter (D:\research\architectureSmells\repos1\tamasflamich_effort\Main\Source\Effort.Shared\Internal\TypeConversion\ITypeConverter.cs' [4' 23])' EffortCommand (D:\research\architectureSmells\repos1\tamasflamich_effort\Main\Source\Effort.Shared\Provider\EffortCommand.cs' [4' 23])' EffortCommandBase (D:\research\architectureSmells\repos1\tamasflamich_effort\Main\Source\Effort.Shared\Provider\EffortCommandBase.cs' [4' 23])' EffortCommandDefinition (D:\research\architectureSmells\repos1\tamasflamich_effort\Main\Source\Effort.Shared\Provider\EffortCommandDefinition.cs' [4' 23])' EffortConnection (D:\research\architectureSmells\repos1\tamasflamich_effort\Main\Source\Effort.Shared\Provider\EffortConnection.cs' [4' 23])' EffortConnectionStringBuilder (D:\research\architectureSmells\repos1\tamasflamich_effort\Main\Source\Effort.Shared\Provider\EffortConnectionStringBuilder.cs' [4' 23])' EffortDataReader (D:\research\architectureSmells\repos1\tamasflamich_effort\Main\Source\Effort.Shared\Provider\EffortDataReader.cs' [4' 23])' EffortEntityCommand (D:\research\architectureSmells\repos1\tamasflamich_effort\Main\Source\Effort.Shared\Provider\EffortEntityCommand.cs' [4' 23])' EffortParameter (D:\research\architectureSmells\repos1\tamasflamich_effort\Main\Source\Effort.Shared\Provider\EffortParameter.cs' [4' 23])' EffortParameterCollection (D:\research\architectureSmells\repos1\tamasflamich_effort\Main\Source\Effort.Shared\Provider\EffortParameterCollection.cs' [4' 23])' EffortProviderConfiguration (D:\research\architectureSmells\repos1\tamasflamich_effort\Main\Source\Effort.Shared\Provider\EffortProviderConfiguration.cs' [4' 23])' EffortProviderFactory (D:\research\architectureSmells\repos1\tamasflamich_effort\Main\Source\Effort.Shared\Provider\EffortProviderFactory.cs' [4' 23])' EffortProviderInvariantName (D:\research\architectureSmells\repos1\tamasflamich_effort\Main\Source\Effort.Shared\Provider\EffortProviderInvariantName.cs' [4' 23])' EffortProviderManifest (D:\research\architectureSmells\repos1\tamasflamich_effort\Main\Source\Effort.Shared\Provider\EffortProviderManifest.cs' [4' 23])' EffortProviderManifestTokens (D:\research\architectureSmells\repos1\tamasflamich_effort\Main\Source\Effort.Shared\Provider\EffortProviderManifestTokens.cs' [4' 23])' EffortProviderServices (D:\research\architectureSmells\repos1\tamasflamich_effort\Main\Source\Effort.Shared\Provider\EffortProviderServices.cs' [4' 23])' EffortTransaction (D:\research\architectureSmells\repos1\tamasflamich_effort\Main\Source\Effort.Shared\Provider\EffortTransaction.cs' [4' 23])' EffortVersion (D:\research\architectureSmells\repos1\tamasflamich_effort\Main\Source\Effort.Shared\Provider\EffortVersion.cs' [4' 23])' IDbManager (D:\research\architectureSmells\repos1\tamasflamich_effort\Main\Source\Effort.Shared\Provider\IDbManager.cs' [4' 23])
Duplicate Abstraction,Effort.DataLoaders,CachingDataLoader,D:\research\architectureSmells\repos1\tamasflamich_effort\Main\Source\Effort.Shared\DataLoaders\CachingDataLoader.cs,The tool detected the smell in this class because a set of code clones has been found and at least one of the clones found in this class. List of code clones with start and end line numbers are:  CachingDataLoader (D:\research\architectureSmells\repos1\tamasflamich_effort\Main\Source\Effort.Shared\DataLoaders\CachingDataLoader.cs' [4' 24])' CsvReader (D:\research\architectureSmells\repos1\tamasflamich_effort\Main\Source\Effort.Shared\Internal\Csv\CsvReader.cs' [5' 25])' DataReaderValidations (D:\research\architectureSmells\repos1\tamasflamich_effort\Main\Source\Effort.Shared\Internal\Csv\CsvReader.DataReaderValidations.cs' [5' 25])' RecordEnumerator (D:\research\architectureSmells\repos1\tamasflamich_effort\Main\Source\Effort.Shared\Internal\Csv\CsvReader.RecordEnumerator.cs' [5' 25])' FieldValue (D:\research\architectureSmells\repos1\tamasflamich_effort\Main\Source\Effort.Shared\Internal\Csv\FieldValue.cs' [5' 25])' MalformedCsvException (D:\research\architectureSmells\repos1\tamasflamich_effort\Main\Source\Effort.Shared\Internal\Csv\MalformedCsvException.cs' [5' 25])' MissingFieldAction (D:\research\architectureSmells\repos1\tamasflamich_effort\Main\Source\Effort.Shared\Internal\Csv\MissingFieldAction.cs' [5' 25])' MissingFieldCsvException (D:\research\architectureSmells\repos1\tamasflamich_effort\Main\Source\Effort.Shared\Internal\Csv\MissingFieldCsvException.cs' [5' 25])' ParseErrorAction (D:\research\architectureSmells\repos1\tamasflamich_effort\Main\Source\Effort.Shared\Internal\Csv\ParseErrorAction.cs' [5' 25])' ParseErrorEventArgs (D:\research\architectureSmells\repos1\tamasflamich_effort\Main\Source\Effort.Shared\Internal\Csv\ParseErrorEventArgs.cs' [5' 25])' ValueTrimmingOptions (D:\research\architectureSmells\repos1\tamasflamich_effort\Main\Source\Effort.Shared\Internal\Csv\ValueTrimmingOptions.cs' [5' 25])' CachingTableDataLoader (D:\research\architectureSmells\repos1\tamasflamich_effort\Main\Source\Effort.Shared\DataLoaders\CachingTableDataLoader.cs' [4' 24])' CachingTableDataLoaderFactory (D:\research\architectureSmells\repos1\tamasflamich_effort\Main\Source\Effort.Shared\DataLoaders\CachingTableDataLoaderFactory.cs' [4' 24])' CachingTableDataLoaderStoreProxy (D:\research\architectureSmells\repos1\tamasflamich_effort\Main\Source\Effort.Shared\DataLoaders\CachingTableDataLoaderStoreProxy.cs' [4' 24])' ColumnDescription (D:\research\architectureSmells\repos1\tamasflamich_effort\Main\Source\Effort.Shared\DataLoaders\ColumnDescription.cs' [4' 24])' CsvDataLoader (D:\research\architectureSmells\repos1\tamasflamich_effort\Main\Source\Effort.Shared\DataLoaders\CsvDataLoader.cs' [4' 24])' CsvTableDataLoader (D:\research\architectureSmells\repos1\tamasflamich_effort\Main\Source\Effort.Shared\DataLoaders\CsvTableDataLoader.cs' [4' 24])' CsvTableDataLoaderFactory (D:\research\architectureSmells\repos1\tamasflamich_effort\Main\Source\Effort.Shared\DataLoaders\CsvTableDataLoaderFactory.cs' [4' 24])' CsvValueConverter (D:\research\architectureSmells\repos1\tamasflamich_effort\Main\Source\Effort.Shared\DataLoaders\CsvValueConverter.cs' [4' 24])' DataLoaderConfigurationLatchProxy (D:\research\architectureSmells\repos1\tamasflamich_effort\Main\Source\Effort.Shared\DataLoaders\DataLoaderConfigurationLatchProxy.cs' [4' 24])' EmptyDataLoader (D:\research\architectureSmells\repos1\tamasflamich_effort\Main\Source\Effort.Shared\DataLoaders\EmptyDataLoader.cs' [4' 24])' EmptyTableDataLoader (D:\research\architectureSmells\repos1\tamasflamich_effort\Main\Source\Effort.Shared\DataLoaders\EmptyTableDataLoader.cs' [4' 24])' EmptyTableDataLoaderFactory (D:\research\architectureSmells\repos1\tamasflamich_effort\Main\Source\Effort.Shared\DataLoaders\EmptyTableDataLoaderFactory.cs' [4' 24])' EntityDataLoader (D:\research\architectureSmells\repos1\tamasflamich_effort\Main\Source\Effort.Shared\DataLoaders\EntityDataLoader.cs' [4' 24])' EntityTableDataLoader (D:\research\architectureSmells\repos1\tamasflamich_effort\Main\Source\Effort.Shared\DataLoaders\EntityTableDataLoader.cs' [4' 24])' EntityTableDataLoaderFactory (D:\research\architectureSmells\repos1\tamasflamich_effort\Main\Source\Effort.Shared\DataLoaders\EntityTableDataLoaderFactory.cs' [4' 24])' FileSource (D:\research\architectureSmells\repos1\tamasflamich_effort\Main\Source\Effort.Shared\DataLoaders\FileSource.cs' [4' 24])' ICachingTableDataLoaderStore (D:\research\architectureSmells\repos1\tamasflamich_effort\Main\Source\Effort.Shared\DataLoaders\ICachingTableDataLoaderStore.cs' [4' 24])' IDataLoader (D:\research\architectureSmells\repos1\tamasflamich_effort\Main\Source\Effort.Shared\DataLoaders\IDataLoader.cs' [4' 24])' IDataLoaderConfigurationLatch (D:\research\architectureSmells\repos1\tamasflamich_effort\Main\Source\Effort.Shared\DataLoaders\IDataLoaderConfigurationLatch.cs' [4' 24])' IFileReference (D:\research\architectureSmells\repos1\tamasflamich_effort\Main\Source\Effort.Shared\DataLoaders\IFileReference.cs' [4' 24])' ITableDataLoader (D:\research\architectureSmells\repos1\tamasflamich_effort\Main\Source\Effort.Shared\DataLoaders\ITableDataLoader.cs' [4' 24])' ITableDataLoaderFactory (D:\research\architectureSmells\repos1\tamasflamich_effort\Main\Source\Effort.Shared\DataLoaders\ITableDataLoaderFactory.cs' [4' 24])' IValueConverter (D:\research\architectureSmells\repos1\tamasflamich_effort\Main\Source\Effort.Shared\DataLoaders\IValueConverter.cs' [4' 24])' ObjectLoader (D:\research\architectureSmells\repos1\tamasflamich_effort\Main\Source\Effort.Shared\DataLoaders\ObjectLoader.cs' [4' 24])' TableDataLoaderBase (D:\research\architectureSmells\repos1\tamasflamich_effort\Main\Source\Effort.Shared\DataLoaders\TableDataLoaderBase.cs' [4' 24])' TableDescription (D:\research\architectureSmells\repos1\tamasflamich_effort\Main\Source\Effort.Shared\DataLoaders\TableDescription.cs' [4' 24])' FileSystemFileProvider (D:\research\architectureSmells\repos1\tamasflamich_effort\Main\Source\Effort.Shared\DataLoaders\Internal\FileSystemFileProvider.cs' [4' 24])' FileSystemFileReference (D:\research\architectureSmells\repos1\tamasflamich_effort\Main\Source\Effort.Shared\DataLoaders\Internal\FileSystemFileReference.cs' [4' 24])' IFileProvider (D:\research\architectureSmells\repos1\tamasflamich_effort\Main\Source\Effort.Shared\DataLoaders\Internal\IFileProvider.cs' [4' 24])' InvalidFileProvider (D:\research\architectureSmells\repos1\tamasflamich_effort\Main\Source\Effort.Shared\DataLoaders\Internal\InvalidFileProvider.cs' [4' 24])' ResourceFileProvider (D:\research\architectureSmells\repos1\tamasflamich_effort\Main\Source\Effort.Shared\DataLoaders\Internal\ResourceFileProvider.cs' [4' 24])' ResourceFileReference (D:\research\architectureSmells\repos1\tamasflamich_effort\Main\Source\Effort.Shared\DataLoaders\Internal\ResourceFileReference.cs' [4' 24])' DbConnectionFactory (D:\research\architectureSmells\repos1\tamasflamich_effort\Main\Source\Effort.Shared\DbConnectionFactory.cs' [4' 24])' EntityConnectionFactory (D:\research\architectureSmells\repos1\tamasflamich_effort\Main\Source\Effort.Shared\EntityConnectionFactory.cs' [4' 24])' ObjectContextFactory (D:\research\architectureSmells\repos1\tamasflamich_effort\Main\Source\Effort.Shared\ObjectContextFactory.cs' [4' 24])' EffortException (D:\research\architectureSmells\repos1\tamasflamich_effort\Main\Source\Effort.Shared\Exceptions\EffortException.cs' [4' 24])' ExceptionMessages (D:\research\architectureSmells\repos1\tamasflamich_effort\Main\Source\Effort.Shared\Exceptions\ExceptionMessages.cs' [4' 24])' CachingTableDataLoaderKey (D:\research\architectureSmells\repos1\tamasflamich_effort\Main\Source\Effort.Shared\Internal\Caching\CachingTableDataLoaderKey.cs' [4' 24])' CachingTableDataLoaderStore (D:\research\architectureSmells\repos1\tamasflamich_effort\Main\Source\Effort.Shared\Internal\Caching\CachingTableDataLoaderStore.cs' [4' 24])' ConcurrentCache<TKey'TElement> (D:\research\architectureSmells\repos1\tamasflamich_effort\Main\Source\Effort.Shared\Internal\Caching\ConcurrentCache`2.cs' [4' 24])' DataLoaderConfigurationKey (D:\research\architectureSmells\repos1\tamasflamich_effort\Main\Source\Effort.Shared\Internal\Caching\DataLoaderConfigurationKey.cs' [4' 24])' DataLoaderConfigurationLatch (D:\research\architectureSmells\repos1\tamasflamich_effort\Main\Source\Effort.Shared\Internal\Caching\DataLoaderConfigurationLatch.cs' [4' 24])' DataLoaderConfigurationLatchStore (D:\research\architectureSmells\repos1\tamasflamich_effort\Main\Source\Effort.Shared\Internal\Caching\DataLoaderConfigurationLatchStore.cs' [4' 24])' DbContainerStore (D:\research\architectureSmells\repos1\tamasflamich_effort\Main\Source\Effort.Shared\Internal\Caching\DbContainerStore.cs' [4' 24])' DbSchemaKey (D:\research\architectureSmells\repos1\tamasflamich_effort\Main\Source\Effort.Shared\Internal\Caching\DbSchemaKey.cs' [4' 24])' DbSchemaStore (D:\research\architectureSmells\repos1\tamasflamich_effort\Main\Source\Effort.Shared\Internal\Caching\DbSchemaStore.cs' [4' 24])' MetadataWorkspaceStore (D:\research\architectureSmells\repos1\tamasflamich_effort\Main\Source\Effort.Shared\Internal\Caching\MetadataWorkspaceStore.cs' [4' 24])' ObjectContextTypeKey (D:\research\architectureSmells\repos1\tamasflamich_effort\Main\Source\Effort.Shared\Internal\Caching\ObjectContextTypeKey.cs' [4' 24])' ObjectContextTypeStore (D:\research\architectureSmells\repos1\tamasflamich_effort\Main\Source\Effort.Shared\Internal\Caching\ObjectContextTypeStore.cs' [4' 24])' ActionContext (D:\research\architectureSmells\repos1\tamasflamich_effort\Main\Source\Effort.Shared\Internal\CommandActions\ActionContext.cs' [4' 24])' CommandActionFactory (D:\research\architectureSmells\repos1\tamasflamich_effort\Main\Source\Effort.Shared\Internal\CommandActions\CommandActionFactory.cs' [4' 24])' CommandActionParameter (D:\research\architectureSmells\repos1\tamasflamich_effort\Main\Source\Effort.Shared\Internal\CommandActions\CommandActionParameter.cs' [4' 24])' DbCommandActionHelper (D:\research\architectureSmells\repos1\tamasflamich_effort\Main\Source\Effort.Shared\Internal\CommandActions\DbCommandActionHelper.cs' [4' 24])' DeleteCommandAction (D:\research\architectureSmells\repos1\tamasflamich_effort\Main\Source\Effort.Shared\Internal\CommandActions\DeleteCommandAction.cs' [4' 24])' ICommandAction (D:\research\architectureSmells\repos1\tamasflamich_effort\Main\Source\Effort.Shared\Internal\CommandActions\ICommandAction.cs' [4' 24])' InsertCommandAction (D:\research\architectureSmells\repos1\tamasflamich_effort\Main\Source\Effort.Shared\Internal\CommandActions\InsertCommandAction.cs' [4' 24])' QueryCommandAction (D:\research\architectureSmells\repos1\tamasflamich_effort\Main\Source\Effort.Shared\Internal\CommandActions\QueryCommandAction.cs' [4' 24])' UpdateCommandAction (D:\research\architectureSmells\repos1\tamasflamich_effort\Main\Source\Effort.Shared\Internal\CommandActions\UpdateCommandAction.cs' [4' 24])' CommandTreeBuilder (D:\research\architectureSmells\repos1\tamasflamich_effort\Main\Source\Effort.Shared\Internal\Common\CommandTreeBuilder.cs' [4' 24])' DatabaseReflectionHelper (D:\research\architectureSmells\repos1\tamasflamich_effort\Main\Source\Effort.Shared\Internal\Common\DatabaseReflectionHelper.cs' [4' 24])' EdmHelper (D:\research\architectureSmells\repos1\tamasflamich_effort\Main\Source\Effort.Shared\Internal\Common\EdmHelper.cs' [4' 24])' EmitHelper (D:\research\architectureSmells\repos1\tamasflamich_effort\Main\Source\Effort.Shared\Internal\Common\EmitHelper.cs' [4' 24])' ExpressionHelper (D:\research\architectureSmells\repos1\tamasflamich_effort\Main\Source\Effort.Shared\Internal\Common\ExpressionHelper.cs' [4' 24])' FastLazy<T> (D:\research\architectureSmells\repos1\tamasflamich_effort\Main\Source\Effort.Shared\Internal\Common\FastLazy`1.cs' [4' 24])' FieldDescription (D:\research\architectureSmells\repos1\tamasflamich_effort\Main\Source\Effort.Shared\Internal\Common\FieldDescription.cs' [4' 24])' MetadataWorkspaceHelper (D:\research\architectureSmells\repos1\tamasflamich_effort\Main\Source\Effort.Shared\Internal\Common\MetadataWorkspaceHelper.cs' [4' 24])' ProviderHelper (D:\research\architectureSmells\repos1\tamasflamich_effort\Main\Source\Effort.Shared\Internal\Common\ProviderHelper.cs' [4' 24])' ReflectionHelper (D:\research\architectureSmells\repos1\tamasflamich_effort\Main\Source\Effort.Shared\Internal\Common\ReflectionHelper.cs' [4' 24])' TupleTypeHelper (D:\research\architectureSmells\repos1\tamasflamich_effort\Main\Source\Effort.Shared\Internal\Common\TupleTypeHelper.cs' [4' 24])' TypeHelper (D:\research\architectureSmells\repos1\tamasflamich_effort\Main\Source\Effort.Shared\Internal\Common\TypeHelper.cs' [4' 24])' TypeUsageHelper (D:\research\architectureSmells\repos1\tamasflamich_effort\Main\Source\Effort.Shared\Internal\Common\TypeUsageHelper.cs' [4' 24])' AggregatedElementModifier (D:\research\architectureSmells\repos1\tamasflamich_effort\Main\Source\Effort.Shared\Internal\Common\XmlProcessing\AggregatedElementModifier.cs' [4' 24])' ComposedElementModifier (D:\research\architectureSmells\repos1\tamasflamich_effort\Main\Source\Effort.Shared\Internal\Common\XmlProcessing\ComposedElementModifier.cs' [4' 24])' IAttributeModifier (D:\research\architectureSmells\repos1\tamasflamich_effort\Main\Source\Effort.Shared\Internal\Common\XmlProcessing\IAttributeModifier.cs' [4' 24])' IElementAttributeSelector (D:\research\architectureSmells\repos1\tamasflamich_effort\Main\Source\Effort.Shared\Internal\Common\XmlProcessing\IElementAttributeSelector.cs' [4' 24])' IElementModifier (D:\research\architectureSmells\repos1\tamasflamich_effort\Main\Source\Effort.Shared\Internal\Common\XmlProcessing\IElementModifier.cs' [4' 24])' IElementSelector (D:\research\architectureSmells\repos1\tamasflamich_effort\Main\Source\Effort.Shared\Internal\Common\XmlProcessing\IElementSelector.cs' [4' 24])' IElementVisitor (D:\research\architectureSmells\repos1\tamasflamich_effort\Main\Source\Effort.Shared\Internal\Common\XmlProcessing\IElementVisitor`1.cs' [4' 24])' IModificationContext (D:\research\architectureSmells\repos1\tamasflamich_effort\Main\Source\Effort.Shared\Internal\Common\XmlProcessing\IModificationContext.cs' [4' 24])' ModificationContext (D:\research\architectureSmells\repos1\tamasflamich_effort\Main\Source\Effort.Shared\Internal\Common\XmlProcessing\ModificationContext.cs' [4' 24])' SelfElementSelector (D:\research\architectureSmells\repos1\tamasflamich_effort\Main\Source\Effort.Shared\Internal\Common\XmlProcessing\SelfElementSelector.cs' [4' 24])' CanonicalFunctionMapper (D:\research\architectureSmells\repos1\tamasflamich_effort\Main\Source\Effort.Shared\Internal\DbCommandTreeTransformation\CanonicalFunctions.cs' [4' 24])' DbFunctions (D:\research\architectureSmells\repos1\tamasflamich_effort\Main\Source\Effort.Shared\Internal\DbCommandTreeTransformation\DbFunctions.cs' [4' 24])' EntitySetSearchVisitor (D:\research\architectureSmells\repos1\tamasflamich_effort\Main\Source\Effort.Shared\Internal\DbCommandTreeTransformation\EntitySetSearchVisitor.cs' [4' 24])' IDbMethodProvider (D:\research\architectureSmells\repos1\tamasflamich_effort\Main\Source\Effort.Shared\Internal\DbCommandTreeTransformation\IDbMethodProvider.cs' [4' 24])' ITableProvider (D:\research\architectureSmells\repos1\tamasflamich_effort\Main\Source\Effort.Shared\Internal\DbCommandTreeTransformation\ITableProvider.cs' [4' 24])' LinqMethodExpressionBuilder (D:\research\architectureSmells\repos1\tamasflamich_effort\Main\Source\Effort.Shared\Internal\DbCommandTreeTransformation\LinqMethodExpressionBuilder.cs' [4' 24])' LinqMethodProvider (D:\research\architectureSmells\repos1\tamasflamich_effort\Main\Source\Effort.Shared\Internal\DbCommandTreeTransformation\LinqMethodProvider.cs' [4' 24])' MethodInfoGroup (D:\research\architectureSmells\repos1\tamasflamich_effort\Main\Source\Effort.Shared\Internal\DbCommandTreeTransformation\MethodInfoGroup.cs' [4' 24])' NullableEnumerableExtensionMethods (D:\research\architectureSmells\repos1\tamasflamich_effort\Main\Source\Effort.Shared\Internal\DbCommandTreeTransformation\NullableEnumerableExtensionMethods.cs' [4' 24])' SingleResult<T> (D:\research\architectureSmells\repos1\tamasflamich_effort\Main\Source\Effort.Shared\Internal\DbCommandTreeTransformation\SingleResult.cs' [4' 24])' TransformVisitor (D:\research\architectureSmells\repos1\tamasflamich_effort\Main\Source\Effort.Shared\Internal\DbCommandTreeTransformation\TransformVisitor.And.cs' [4' 24])' TraversalVisitor (D:\research\architectureSmells\repos1\tamasflamich_effort\Main\Source\Effort.Shared\Internal\DbCommandTreeTransformation\TraversalVisitor.cs' [4' 24])' Variable (D:\research\architectureSmells\repos1\tamasflamich_effort\Main\Source\Effort.Shared\Internal\DbCommandTreeTransformation\Variable.cs' [4' 24])' VariableCollection (D:\research\architectureSmells\repos1\tamasflamich_effort\Main\Source\Effort.Shared\Internal\DbCommandTreeTransformation\VariableCollection.cs' [4' 24])' VariableHandler (D:\research\architectureSmells\repos1\tamasflamich_effort\Main\Source\Effort.Shared\Internal\DbCommandTreeTransformation\VariableHandler.cs' [4' 24])' DateTimeFunctions (D:\research\architectureSmells\repos1\tamasflamich_effort\Main\Source\Effort.Shared\Internal\DbCommandTreeTransformation\Functions\DateTimeFunctions.cs' [4' 24])' DateTimeOffsetFunctions (D:\research\architectureSmells\repos1\tamasflamich_effort\Main\Source\Effort.Shared\Internal\DbCommandTreeTransformation\Functions\DateTimeOffsetFunctions.cs' [4' 24])' DecimalFunctions (D:\research\architectureSmells\repos1\tamasflamich_effort\Main\Source\Effort.Shared\Internal\DbCommandTreeTransformation\Functions\DecimalFunctions.cs' [4' 24])' DoubleFunctions (D:\research\architectureSmells\repos1\tamasflamich_effort\Main\Source\Effort.Shared\Internal\DbCommandTreeTransformation\Functions\DoubleFunctions.cs' [4' 24])' GuidFunctions (D:\research\architectureSmells\repos1\tamasflamich_effort\Main\Source\Effort.Shared\Internal\DbCommandTreeTransformation\Functions\GuidFunctions.cs' [4' 24])' IntegerFunctions (D:\research\architectureSmells\repos1\tamasflamich_effort\Main\Source\Effort.Shared\Internal\DbCommandTreeTransformation\Functions\IntegerFunctions.cs' [4' 24])' StringFunctions (D:\research\architectureSmells\repos1\tamasflamich_effort\Main\Source\Effort.Shared\Internal\DbCommandTreeTransformation\Functions\StringFunctions.cs' [4' 24])' TimeFunctions (D:\research\architectureSmells\repos1\tamasflamich_effort\Main\Source\Effort.Shared\Internal\DbCommandTreeTransformation\Functions\TimeFunctions.cs' [4' 24])' CanonicalContainer (D:\research\architectureSmells\repos1\tamasflamich_effort\Main\Source\Effort.Shared\Internal\DbManagement\CanonicalContainer.cs' [4' 24])' DbContainer (D:\research\architectureSmells\repos1\tamasflamich_effort\Main\Source\Effort.Shared\Internal\DbManagement\DbContainer.cs' [4' 24])' DbContainerManagerWrapper (D:\research\architectureSmells\repos1\tamasflamich_effort\Main\Source\Effort.Shared\Internal\DbManagement\DbContainerManagerWrapper.cs' [4' 24])' DbContainerParameters (D:\research\architectureSmells\repos1\tamasflamich_effort\Main\Source\Effort.Shared\Internal\DbManagement\DbContainerParameters.cs' [4' 24])' DbExtensions (D:\research\architectureSmells\repos1\tamasflamich_effort\Main\Source\Effort.Shared\Internal\DbManagement\DbExtensions.cs' [4' 24])' DbMethodProvider (D:\research\architectureSmells\repos1\tamasflamich_effort\Main\Source\Effort.Shared\Internal\DbManagement\DbMethodProvider.cs' [4' 24])' DatabaseComponentFactory (D:\research\architectureSmells\repos1\tamasflamich_effort\Main\Source\Effort.Shared\Internal\DbManagement\Engine\DatabaseComponentFactory.cs' [4' 24])' ExtendedQueryCompiler (D:\research\architectureSmells\repos1\tamasflamich_effort\Main\Source\Effort.Shared\Internal\DbManagement\Engine\ExtendedQueryCompiler.cs' [4' 24])' ExtendedTable<TEntity'TPrimaryKey> (D:\research\architectureSmells\repos1\tamasflamich_effort\Main\Source\Effort.Shared\Internal\DbManagement\Engine\ExtendedTable`2.cs' [4' 24])' IExtendedTable (D:\research\architectureSmells\repos1\tamasflamich_effort\Main\Source\Effort.Shared\Internal\DbManagement\Engine\IExtendedTable.cs' [4' 24])' ExtendedTableService (D:\research\architectureSmells\repos1\tamasflamich_effort\Main\Source\Effort.Shared\Internal\DbManagement\Engine\Services\ExtendedTableService.cs' [4' 24])' ExcrescentInitializationCleanserVisitor (D:\research\architectureSmells\repos1\tamasflamich_effort\Main\Source\Effort.Shared\Internal\DbManagement\Engine\Rewriters\ExcrescentInitializationCleanserVisitor.cs' [4' 24])' ExcrescentSingleResultCleanserVisitor (D:\research\architectureSmells\repos1\tamasflamich_effort\Main\Source\Effort.Shared\Internal\DbManagement\Engine\Rewriters\ExcrescentSingleResultCleanserVisitor.cs' [4' 24])' SumTransformerVisitor (D:\research\architectureSmells\repos1\tamasflamich_effort\Main\Source\Effort.Shared\Internal\DbManagement\Engine\Rewriters\SumTransformerVisitor.cs' [4' 24])' DataRowKeyInfoService (D:\research\architectureSmells\repos1\tamasflamich_effort\Main\Source\Effort.Shared\Internal\DbManagement\Engine\Services\DataRowKeyInfoService.cs' [4' 24])' BareSchemaBase (D:\research\architectureSmells\repos1\tamasflamich_effort\Main\Source\Effort.Shared\Internal\DbManagement\Schema\BareSchemaBase.cs' [4' 24])' DbRelationInfo (D:\research\architectureSmells\repos1\tamasflamich_effort\Main\Source\Effort.Shared\Internal\DbManagement\Schema\DbRelationInfo.cs' [4' 24])' DbSchema (D:\research\architectureSmells\repos1\tamasflamich_effort\Main\Source\Effort.Shared\Internal\DbManagement\Schema\DbSchema.cs' [4' 24])' DbSchemaFactory (D:\research\architectureSmells\repos1\tamasflamich_effort\Main\Source\Effort.Shared\Internal\DbManagement\Schema\DbSchemaFactory.cs' [4' 24])' DbTableInfo (D:\research\architectureSmells\repos1\tamasflamich_effort\Main\Source\Effort.Shared\Internal\DbManagement\Schema\DbTableInfo.cs' [4' 24])' DynamicBareSchema (D:\research\architectureSmells\repos1\tamasflamich_effort\Main\Source\Effort.Shared\Internal\DbManagement\Schema\DynamicBareSchema.cs' [4' 24])' IBareSchema (D:\research\architectureSmells\repos1\tamasflamich_effort\Main\Source\Effort.Shared\Internal\DbManagement\Schema\IBareSchema.cs' [4' 24])' KeyInfoHelper (D:\research\architectureSmells\repos1\tamasflamich_effort\Main\Source\Effort.Shared\Internal\DbManagement\Schema\KeyInfoHelper.cs' [4' 24])' TableName (D:\research\architectureSmells\repos1\tamasflamich_effort\Main\Source\Effort.Shared\Internal\DbManagement\Schema\TableName.cs' [4' 24])' AssociationInfo (D:\research\architectureSmells\repos1\tamasflamich_effort\Main\Source\Effort.Shared\Internal\DbManagement\Schema\Configuration\AssociationInfo.cs' [4' 24])' AssociationTableInfo (D:\research\architectureSmells\repos1\tamasflamich_effort\Main\Source\Effort.Shared\Internal\DbManagement\Schema\Configuration\AssociationTableInfo.cs' [4' 24])' BareSchemaConfiguration (D:\research\architectureSmells\repos1\tamasflamich_effort\Main\Source\Effort.Shared\Internal\DbManagement\Schema\Configuration\BareSchemaConfiguration.cs' [4' 24])' CharLimitConfiguration (D:\research\architectureSmells\repos1\tamasflamich_effort\Main\Source\Effort.Shared\Internal\DbManagement\Schema\Configuration\CharLimitConfiguration.cs' [4' 24])' EntityInfo (D:\research\architectureSmells\repos1\tamasflamich_effort\Main\Source\Effort.Shared\Internal\DbManagement\Schema\Configuration\EntityInfo.cs' [4' 24])' EntityPropertyInfo (D:\research\architectureSmells\repos1\tamasflamich_effort\Main\Source\Effort.Shared\Internal\DbManagement\Schema\Configuration\EntityPropertyInfo.cs' [4' 24])' GeneratedGuidConfiguration (D:\research\architectureSmells\repos1\tamasflamich_effort\Main\Source\Effort.Shared\Internal\DbManagement\Schema\Configuration\GeneratedGuidConfiguration.cs' [4' 24])' IdentityConfiguration (D:\research\architectureSmells\repos1\tamasflamich_effort\Main\Source\Effort.Shared\Internal\DbManagement\Schema\Configuration\IdentityConfiguration.cs' [4' 24])' IndexConfiguration (D:\research\architectureSmells\repos1\tamasflamich_effort\Main\Source\Effort.Shared\Internal\DbManagement\Schema\Configuration\IndexConfiguration.cs' [4' 24])' IndexInfo (D:\research\architectureSmells\repos1\tamasflamich_effort\Main\Source\Effort.Shared\Internal\DbManagement\Schema\Configuration\IndexInfo.cs' [4' 24])' IRelationConfiguration (D:\research\architectureSmells\repos1\tamasflamich_effort\Main\Source\Effort.Shared\Internal\DbManagement\Schema\Configuration\IRelationConfiguration.cs' [4' 24])' ITableConfiguration (D:\research\architectureSmells\repos1\tamasflamich_effort\Main\Source\Effort.Shared\Internal\DbManagement\Schema\Configuration\ITableConfiguration.cs' [4' 24])' NotNullConfiguration (D:\research\architectureSmells\repos1\tamasflamich_effort\Main\Source\Effort.Shared\Internal\DbManagement\Schema\Configuration\NotNullConfiguration.cs' [4' 24])' PrimaryKeyConfiguration (D:\research\architectureSmells\repos1\tamasflamich_effort\Main\Source\Effort.Shared\Internal\DbManagement\Schema\Configuration\PrimaryKeyConfiguration.cs' [4' 24])' RelationConfiguration (D:\research\architectureSmells\repos1\tamasflamich_effort\Main\Source\Effort.Shared\Internal\DbManagement\Schema\Configuration\RelationConfiguration.cs' [4' 24])' RelationConfigurationGroup (D:\research\architectureSmells\repos1\tamasflamich_effort\Main\Source\Effort.Shared\Internal\DbManagement\Schema\Configuration\RelationConfigurationGroup.cs' [4' 24])' TableConfigurationGroup (D:\research\architectureSmells\repos1\tamasflamich_effort\Main\Source\Effort.Shared\Internal\DbManagement\Schema\Configuration\TableConfigurationGroup.cs' [4' 24])' VarcharLimitConfiguration (D:\research\architectureSmells\repos1\tamasflamich_effort\Main\Source\Effort.Shared\Internal\DbManagement\Schema\Configuration\VarcharLimitConfiguration.cs' [4' 24])' CharLimitConstraintFactory<TEntity> (D:\research\architectureSmells\repos1\tamasflamich_effort\Main\Source\Effort.Shared\Internal\DbManagement\Schema\Constraints\CharLimitConstraintFactory`1.cs' [4' 24])' ConstraintFactories (D:\research\architectureSmells\repos1\tamasflamich_effort\Main\Source\Effort.Shared\Internal\DbManagement\Schema\Constraints\ConstraintFactories.cs' [4' 24])' ConstraintFactoryBase<TEntity'TMember> (D:\research\architectureSmells\repos1\tamasflamich_effort\Main\Source\Effort.Shared\Internal\DbManagement\Schema\Constraints\ConstraintFactoryBase`2.cs' [4' 24])' GeneratedGuidConstraintFactory<TEntity> (D:\research\architectureSmells\repos1\tamasflamich_effort\Main\Source\Effort.Shared\Internal\DbManagement\Schema\Constraints\GeneratedGuidConstraintFactory`1.cs' [4' 24])' NotNullableConstraintFactory<TEntity'TMember> (D:\research\architectureSmells\repos1\tamasflamich_effort\Main\Source\Effort.Shared\Internal\DbManagement\Schema\Constraints\NotNullableConstraintFactory`2.cs' [4' 24])' VarCharLimitConstraintFactory<TEntity> (D:\research\architectureSmells\repos1\tamasflamich_effort\Main\Source\Effort.Shared\Internal\DbManagement\Schema\Constraints\VarCharLimitConstraintFactory`1.cs' [4' 24])' ILogger (D:\research\architectureSmells\repos1\tamasflamich_effort\Main\Source\Effort.Shared\Internal\Diagnostics\ILogger.cs' [4' 24])' Logger (D:\research\architectureSmells\repos1\tamasflamich_effort\Main\Source\Effort.Shared\Internal\Diagnostics\Logger.cs' [4' 24])' CommonPropertyElementModifier (D:\research\architectureSmells\repos1\tamasflamich_effort\Main\Source\Effort.Shared\Internal\StorageSchema\CommonPropertyElementModifier.cs' [4' 24])' EffortProviderInformation (D:\research\architectureSmells\repos1\tamasflamich_effort\Main\Source\Effort.Shared\Internal\StorageSchema\EffortProviderInformation.cs' [4' 24])' EntityTypePropertyElementSelector (D:\research\architectureSmells\repos1\tamasflamich_effort\Main\Source\Effort.Shared\Internal\StorageSchema\EntityTypePropertyElementSelector.cs' [4' 24])' FunctionElementSelector (D:\research\architectureSmells\repos1\tamasflamich_effort\Main\Source\Effort.Shared\Internal\StorageSchema\FunctionElementSelector.cs' [4' 24])' FunctionParameterElementSelector (D:\research\architectureSmells\repos1\tamasflamich_effort\Main\Source\Effort.Shared\Internal\StorageSchema\FunctionParameterElementSelector.cs' [4' 24])' FunctionReturnRowTypePropertyElementSelector (D:\research\architectureSmells\repos1\tamasflamich_effort\Main\Source\Effort.Shared\Internal\StorageSchema\FunctionReturnRowTypePropertyElementSelector.cs' [4' 24])' FunctionTypeAttributeModifier (D:\research\architectureSmells\repos1\tamasflamich_effort\Main\Source\Effort.Shared\Internal\StorageSchema\FunctionTypeAttributeModifier.cs' [4' 24])' IProviderInformation (D:\research\architectureSmells\repos1\tamasflamich_effort\Main\Source\Effort.Shared\Internal\StorageSchema\IProviderInformation.cs' [4' 24])' ModificationContextHelper (D:\research\architectureSmells\repos1\tamasflamich_effort\Main\Source\Effort.Shared\Internal\StorageSchema\ModificationContextHelper.cs' [4' 24])' ModificationFunctionMappingModifier (D:\research\architectureSmells\repos1\tamasflamich_effort\Main\Source\Effort.Shared\Internal\StorageSchema\ModificationFunctionMappingModifier.cs' [4' 24])' PropertyTypeAttributeModifier (D:\research\architectureSmells\repos1\tamasflamich_effort\Main\Source\Effort.Shared\Internal\StorageSchema\PropertyTypeAttributeModifier.cs' [4' 24])' ProviderAttributeModifier (D:\research\architectureSmells\repos1\tamasflamich_effort\Main\Source\Effort.Shared\Internal\StorageSchema\ProviderAttributeModifier.cs' [4' 24])' ProviderAttributeSelector (D:\research\architectureSmells\repos1\tamasflamich_effort\Main\Source\Effort.Shared\Internal\StorageSchema\ProviderAttributeSelector.cs' [4' 24])' ProviderInformation (D:\research\architectureSmells\repos1\tamasflamich_effort\Main\Source\Effort.Shared\Internal\StorageSchema\ProviderInformation.cs' [4' 24])' ProviderManifestTokenAttributeModifier (D:\research\architectureSmells\repos1\tamasflamich_effort\Main\Source\Effort.Shared\Internal\StorageSchema\ProviderManifestTokenAttributeModifier.cs' [4' 24])' ProviderManifestTokenAttributeSelector (D:\research\architectureSmells\repos1\tamasflamich_effort\Main\Source\Effort.Shared\Internal\StorageSchema\ProviderManifestTokenAttributeSelector.cs' [4' 24])' ProviderParser (D:\research\architectureSmells\repos1\tamasflamich_effort\Main\Source\Effort.Shared\Internal\StorageSchema\ProviderParser.cs' [4' 24])' ReturnTypeAttributeSelector (D:\research\architectureSmells\repos1\tamasflamich_effort\Main\Source\Effort.Shared\Internal\StorageSchema\ReturnTypeAttributeSelector.cs' [4' 24])' StorageSchemaContentNameProvider (D:\research\architectureSmells\repos1\tamasflamich_effort\Main\Source\Effort.Shared\Internal\StorageSchema\StorageSchemaContentNameProvider.cs' [4' 24])' StorageSchemaNamespaces (D:\research\architectureSmells\repos1\tamasflamich_effort\Main\Source\Effort.Shared\Internal\StorageSchema\StorageSchemaNamespaces.cs' [4' 24])' StorageSchemaV1Modifier (D:\research\architectureSmells\repos1\tamasflamich_effort\Main\Source\Effort.Shared\Internal\StorageSchema\StorageSchemaV1Modifier.cs' [4' 24])' StorageSchemaV2Modifier (D:\research\architectureSmells\repos1\tamasflamich_effort\Main\Source\Effort.Shared\Internal\StorageSchema\StorageSchemaV2Modifier.cs' [4' 24])' StorageSchemaV3Modifier (D:\research\architectureSmells\repos1\tamasflamich_effort\Main\Source\Effort.Shared\Internal\StorageSchema\StorageSchemaV3Modifier.cs' [4' 24])' StorageTypeConverter (D:\research\architectureSmells\repos1\tamasflamich_effort\Main\Source\Effort.Shared\Internal\StorageSchema\StorageTypeConverter.cs' [4' 24])' TypeAttributeSelector (D:\research\architectureSmells\repos1\tamasflamich_effort\Main\Source\Effort.Shared\Internal\StorageSchema\TypeAttributeSelector.cs' [4' 24])' UniversalStorageSchemaModifier (D:\research\architectureSmells\repos1\tamasflamich_effort\Main\Source\Effort.Shared\Internal\StorageSchema\UniversalStorageSchemaModifier.cs' [4' 24])' DefaultTypeConverter (D:\research\architectureSmells\repos1\tamasflamich_effort\Main\Source\Effort.Shared\Internal\TypeConversion\DefaultTypeConverter.cs' [4' 24])' EdmTypeConverter (D:\research\architectureSmells\repos1\tamasflamich_effort\Main\Source\Effort.Shared\Internal\TypeConversion\EdmTypeConverter.cs' [4' 24])' FacetInfo (D:\research\architectureSmells\repos1\tamasflamich_effort\Main\Source\Effort.Shared\Internal\TypeConversion\FacetInformation.cs' [4' 24])' ITypeConverter (D:\research\architectureSmells\repos1\tamasflamich_effort\Main\Source\Effort.Shared\Internal\TypeConversion\ITypeConverter.cs' [4' 24])' EffortCommand (D:\research\architectureSmells\repos1\tamasflamich_effort\Main\Source\Effort.Shared\Provider\EffortCommand.cs' [4' 24])' EffortCommandBase (D:\research\architectureSmells\repos1\tamasflamich_effort\Main\Source\Effort.Shared\Provider\EffortCommandBase.cs' [4' 24])' EffortCommandDefinition (D:\research\architectureSmells\repos1\tamasflamich_effort\Main\Source\Effort.Shared\Provider\EffortCommandDefinition.cs' [4' 24])' EffortConnection (D:\research\architectureSmells\repos1\tamasflamich_effort\Main\Source\Effort.Shared\Provider\EffortConnection.cs' [4' 24])' EffortConnectionStringBuilder (D:\research\architectureSmells\repos1\tamasflamich_effort\Main\Source\Effort.Shared\Provider\EffortConnectionStringBuilder.cs' [4' 24])' EffortDataReader (D:\research\architectureSmells\repos1\tamasflamich_effort\Main\Source\Effort.Shared\Provider\EffortDataReader.cs' [4' 24])' EffortEntityCommand (D:\research\architectureSmells\repos1\tamasflamich_effort\Main\Source\Effort.Shared\Provider\EffortEntityCommand.cs' [4' 24])' EffortParameter (D:\research\architectureSmells\repos1\tamasflamich_effort\Main\Source\Effort.Shared\Provider\EffortParameter.cs' [4' 24])' EffortParameterCollection (D:\research\architectureSmells\repos1\tamasflamich_effort\Main\Source\Effort.Shared\Provider\EffortParameterCollection.cs' [4' 24])' EffortProviderConfiguration (D:\research\architectureSmells\repos1\tamasflamich_effort\Main\Source\Effort.Shared\Provider\EffortProviderConfiguration.cs' [4' 24])' EffortProviderFactory (D:\research\architectureSmells\repos1\tamasflamich_effort\Main\Source\Effort.Shared\Provider\EffortProviderFactory.cs' [4' 24])' EffortProviderInvariantName (D:\research\architectureSmells\repos1\tamasflamich_effort\Main\Source\Effort.Shared\Provider\EffortProviderInvariantName.cs' [4' 24])' EffortProviderManifest (D:\research\architectureSmells\repos1\tamasflamich_effort\Main\Source\Effort.Shared\Provider\EffortProviderManifest.cs' [4' 24])' EffortProviderManifestTokens (D:\research\architectureSmells\repos1\tamasflamich_effort\Main\Source\Effort.Shared\Provider\EffortProviderManifestTokens.cs' [4' 24])' EffortProviderServices (D:\research\architectureSmells\repos1\tamasflamich_effort\Main\Source\Effort.Shared\Provider\EffortProviderServices.cs' [4' 24])' EffortTransaction (D:\research\architectureSmells\repos1\tamasflamich_effort\Main\Source\Effort.Shared\Provider\EffortTransaction.cs' [4' 24])' EffortVersion (D:\research\architectureSmells\repos1\tamasflamich_effort\Main\Source\Effort.Shared\Provider\EffortVersion.cs' [4' 24])' IDbManager (D:\research\architectureSmells\repos1\tamasflamich_effort\Main\Source\Effort.Shared\Provider\IDbManager.cs' [4' 24])
Duplicate Abstraction,Effort.DataLoaders,CachingTableDataLoaderFactory,D:\research\architectureSmells\repos1\tamasflamich_effort\Main\Source\Effort.Shared\DataLoaders\CachingTableDataLoaderFactory.cs,The tool detected the smell in this class because a set of code clones has been found and at least one of the clones found in this class. List of code clones with start and end line numbers are:  CachingTableDataLoaderFactory (D:\research\architectureSmells\repos1\tamasflamich_effort\Main\Source\Effort.Shared\DataLoaders\CachingTableDataLoaderFactory.cs' [3' 30])' CachingTableDataLoaderStoreProxy (D:\research\architectureSmells\repos1\tamasflamich_effort\Main\Source\Effort.Shared\DataLoaders\CachingTableDataLoaderStoreProxy.cs' [3' 30])' DataLoaderConfigurationLatchProxy (D:\research\architectureSmells\repos1\tamasflamich_effort\Main\Source\Effort.Shared\DataLoaders\DataLoaderConfigurationLatchProxy.cs' [3' 30])' ICachingTableDataLoaderStore (D:\research\architectureSmells\repos1\tamasflamich_effort\Main\Source\Effort.Shared\DataLoaders\ICachingTableDataLoaderStore.cs' [3' 30])' CachingTableDataLoaderStore (D:\research\architectureSmells\repos1\tamasflamich_effort\Main\Source\Effort.Shared\Internal\Caching\CachingTableDataLoaderStore.cs' [3' 30])' DataLoaderConfigurationKey (D:\research\architectureSmells\repos1\tamasflamich_effort\Main\Source\Effort.Shared\Internal\Caching\DataLoaderConfigurationKey.cs' [3' 30])' DateTimeFunctions (D:\research\architectureSmells\repos1\tamasflamich_effort\Main\Source\Effort.Shared\Internal\DbCommandTreeTransformation\Functions\DateTimeFunctions.cs' [3' 30])' DateTimeOffsetFunctions (D:\research\architectureSmells\repos1\tamasflamich_effort\Main\Source\Effort.Shared\Internal\DbCommandTreeTransformation\Functions\DateTimeOffsetFunctions.cs' [3' 30])' DecimalFunctions (D:\research\architectureSmells\repos1\tamasflamich_effort\Main\Source\Effort.Shared\Internal\DbCommandTreeTransformation\Functions\DecimalFunctions.cs' [3' 30])' DoubleFunctions (D:\research\architectureSmells\repos1\tamasflamich_effort\Main\Source\Effort.Shared\Internal\DbCommandTreeTransformation\Functions\DoubleFunctions.cs' [3' 30])' GuidFunctions (D:\research\architectureSmells\repos1\tamasflamich_effort\Main\Source\Effort.Shared\Internal\DbCommandTreeTransformation\Functions\GuidFunctions.cs' [3' 30])' IntegerFunctions (D:\research\architectureSmells\repos1\tamasflamich_effort\Main\Source\Effort.Shared\Internal\DbCommandTreeTransformation\Functions\IntegerFunctions.cs' [3' 30])' StringFunctions (D:\research\architectureSmells\repos1\tamasflamich_effort\Main\Source\Effort.Shared\Internal\DbCommandTreeTransformation\Functions\StringFunctions.cs' [3' 30])' TimeFunctions (D:\research\architectureSmells\repos1\tamasflamich_effort\Main\Source\Effort.Shared\Internal\DbCommandTreeTransformation\Functions\TimeFunctions.cs' [3' 30])' ProviderAttributeModifier (D:\research\architectureSmells\repos1\tamasflamich_effort\Main\Source\Effort.Shared\Internal\StorageSchema\ProviderAttributeModifier.cs' [3' 30])' ProviderAttributeSelector (D:\research\architectureSmells\repos1\tamasflamich_effort\Main\Source\Effort.Shared\Internal\StorageSchema\ProviderAttributeSelector.cs' [3' 30])' ProviderManifestTokenAttributeModifier (D:\research\architectureSmells\repos1\tamasflamich_effort\Main\Source\Effort.Shared\Internal\StorageSchema\ProviderManifestTokenAttributeModifier.cs' [3' 30])' ProviderManifestTokenAttributeSelector (D:\research\architectureSmells\repos1\tamasflamich_effort\Main\Source\Effort.Shared\Internal\StorageSchema\ProviderManifestTokenAttributeSelector.cs' [3' 30])' ProviderParser (D:\research\architectureSmells\repos1\tamasflamich_effort\Main\Source\Effort.Shared\Internal\StorageSchema\ProviderParser.cs' [3' 30])' ReturnTypeAttributeSelector (D:\research\architectureSmells\repos1\tamasflamich_effort\Main\Source\Effort.Shared\Internal\StorageSchema\ReturnTypeAttributeSelector.cs' [3' 30])' StorageSchemaV1Modifier (D:\research\architectureSmells\repos1\tamasflamich_effort\Main\Source\Effort.Shared\Internal\StorageSchema\StorageSchemaV1Modifier.cs' [3' 30])' StorageSchemaV2Modifier (D:\research\architectureSmells\repos1\tamasflamich_effort\Main\Source\Effort.Shared\Internal\StorageSchema\StorageSchemaV2Modifier.cs' [3' 30])' StorageSchemaV3Modifier (D:\research\architectureSmells\repos1\tamasflamich_effort\Main\Source\Effort.Shared\Internal\StorageSchema\StorageSchemaV3Modifier.cs' [3' 30])' TypeAttributeSelector (D:\research\architectureSmells\repos1\tamasflamich_effort\Main\Source\Effort.Shared\Internal\StorageSchema\TypeAttributeSelector.cs' [3' 30])' UniversalStorageSchemaModifier (D:\research\architectureSmells\repos1\tamasflamich_effort\Main\Source\Effort.Shared\Internal\StorageSchema\UniversalStorageSchemaModifier.cs' [3' 30])' DataRowPropertyAttribute (D:\research\architectureSmells\repos1\tamasflamich_effort\Main\Source\Effort.Shared\Internal\TypeGeneration\DataRowPropertyAttribute.cs' [3' 30])' LargeDataRowAttribute (D:\research\architectureSmells\repos1\tamasflamich_effort\Main\Source\Effort.Shared\Internal\TypeGeneration\LargeDataRowAttribute.cs' [3' 30])
Duplicate Abstraction,Effort.DataLoaders,ColumnDescription,D:\research\architectureSmells\repos1\tamasflamich_effort\Main\Source\Effort.Shared\DataLoaders\ColumnDescription.cs,The tool detected the smell in this class because a set of code clones has been found and at least one of the clones found in this class. List of code clones with start and end line numbers are:  ColumnDescription (D:\research\architectureSmells\repos1\tamasflamich_effort\Main\Source\Effort.Shared\DataLoaders\ColumnDescription.cs' [3' 29])' ITableDataLoaderFactory (D:\research\architectureSmells\repos1\tamasflamich_effort\Main\Source\Effort.Shared\DataLoaders\ITableDataLoaderFactory.cs' [3' 29])' IValueConverter (D:\research\architectureSmells\repos1\tamasflamich_effort\Main\Source\Effort.Shared\DataLoaders\IValueConverter.cs' [3' 29])' CsvTableDataLoader (D:\research\architectureSmells\repos1\tamasflamich_effort\Main\Source\Effort.Shared\DataLoaders\CsvTableDataLoader.cs' [3' 29])' TableDataLoaderBase (D:\research\architectureSmells\repos1\tamasflamich_effort\Main\Source\Effort.Shared\DataLoaders\TableDataLoaderBase.cs' [3' 29])' EmptyTableDataLoader (D:\research\architectureSmells\repos1\tamasflamich_effort\Main\Source\Effort.Shared\DataLoaders\EmptyTableDataLoader.cs' [3' 29])' ITableDataLoader (D:\research\architectureSmells\repos1\tamasflamich_effort\Main\Source\Effort.Shared\DataLoaders\ITableDataLoader.cs' [3' 29])' FileSystemFileProvider (D:\research\architectureSmells\repos1\tamasflamich_effort\Main\Source\Effort.Shared\DataLoaders\Internal\FileSystemFileProvider.cs' [3' 29])' FileSystemFileReference (D:\research\architectureSmells\repos1\tamasflamich_effort\Main\Source\Effort.Shared\DataLoaders\Internal\FileSystemFileReference.cs' [3' 29])' CachingTableDataLoaderKey (D:\research\architectureSmells\repos1\tamasflamich_effort\Main\Source\Effort.Shared\Internal\Caching\CachingTableDataLoaderKey.cs' [3' 29])' ObjectContextTypeKey (D:\research\architectureSmells\repos1\tamasflamich_effort\Main\Source\Effort.Shared\Internal\Caching\ObjectContextTypeKey.cs' [3' 29])' ObjectContextTypeStore (D:\research\architectureSmells\repos1\tamasflamich_effort\Main\Source\Effort.Shared\Internal\Caching\ObjectContextTypeStore.cs' [3' 29])' IElementSelector (D:\research\architectureSmells\repos1\tamasflamich_effort\Main\Source\Effort.Shared\Internal\Common\XmlProcessing\IElementSelector.cs' [3' 29])' SelfElementSelector (D:\research\architectureSmells\repos1\tamasflamich_effort\Main\Source\Effort.Shared\Internal\Common\XmlProcessing\SelfElementSelector.cs' [3' 29])' NullableEnumerableExtensionMethods (D:\research\architectureSmells\repos1\tamasflamich_effort\Main\Source\Effort.Shared\Internal\DbCommandTreeTransformation\NullableEnumerableExtensionMethods.cs' [3' 29])' VariableCollection (D:\research\architectureSmells\repos1\tamasflamich_effort\Main\Source\Effort.Shared\Internal\DbCommandTreeTransformation\VariableCollection.cs' [3' 29])' ExcrescentSingleResultCleanserVisitor (D:\research\architectureSmells\repos1\tamasflamich_effort\Main\Source\Effort.Shared\Internal\DbManagement\Engine\Rewriters\ExcrescentSingleResultCleanserVisitor.cs' [3' 29])' SumTransformerVisitor (D:\research\architectureSmells\repos1\tamasflamich_effort\Main\Source\Effort.Shared\Internal\DbManagement\Engine\Rewriters\SumTransformerVisitor.cs' [3' 29])' BareSchemaBase (D:\research\architectureSmells\repos1\tamasflamich_effort\Main\Source\Effort.Shared\Internal\DbManagement\Schema\BareSchemaBase.cs' [3' 29])' KeyInfoHelper (D:\research\architectureSmells\repos1\tamasflamich_effort\Main\Source\Effort.Shared\Internal\DbManagement\Schema\KeyInfoHelper.cs' [3' 29])' CharLimitConfiguration (D:\research\architectureSmells\repos1\tamasflamich_effort\Main\Source\Effort.Shared\Internal\DbManagement\Schema\Configuration\CharLimitConfiguration.cs' [3' 29])' VarcharLimitConfiguration (D:\research\architectureSmells\repos1\tamasflamich_effort\Main\Source\Effort.Shared\Internal\DbManagement\Schema\Configuration\VarcharLimitConfiguration.cs' [3' 29])' CharLimitConstraintFactory<TEntity> (D:\research\architectureSmells\repos1\tamasflamich_effort\Main\Source\Effort.Shared\Internal\DbManagement\Schema\Constraints\CharLimitConstraintFactory`1.cs' [3' 29])' ConstraintFactoryBase<TEntity'TMember> (D:\research\architectureSmells\repos1\tamasflamich_effort\Main\Source\Effort.Shared\Internal\DbManagement\Schema\Constraints\ConstraintFactoryBase`2.cs' [3' 29])' NotNullableConstraintFactory<TEntity'TMember> (D:\research\architectureSmells\repos1\tamasflamich_effort\Main\Source\Effort.Shared\Internal\DbManagement\Schema\Constraints\NotNullableConstraintFactory`2.cs' [3' 29])' VarCharLimitConstraintFactory<TEntity> (D:\research\architectureSmells\repos1\tamasflamich_effort\Main\Source\Effort.Shared\Internal\DbManagement\Schema\Constraints\VarCharLimitConstraintFactory`1.cs' [3' 29])' EffortCommand (D:\research\architectureSmells\repos1\tamasflamich_effort\Main\Source\Effort.Shared\Provider\EffortCommand.cs' [3' 29])' EffortCommandBase (D:\research\architectureSmells\repos1\tamasflamich_effort\Main\Source\Effort.Shared\Provider\EffortCommandBase.cs' [3' 29])' EffortParameter (D:\research\architectureSmells\repos1\tamasflamich_effort\Main\Source\Effort.Shared\Provider\EffortParameter.cs' [3' 29])' EffortProviderFactory (D:\research\architectureSmells\repos1\tamasflamich_effort\Main\Source\Effort.Shared\Provider\EffortProviderFactory.cs' [3' 29])' EffortDataReader (D:\research\architectureSmells\repos1\tamasflamich_effort\Main\Source\Effort.Shared\Provider\EffortDataReader.cs' [3' 29])' EffortParameterCollection (D:\research\architectureSmells\repos1\tamasflamich_effort\Main\Source\Effort.Shared\Provider\EffortParameterCollection.cs' [3' 29])
Duplicate Abstraction,Effort.DataLoaders,CsvTableDataLoader,D:\research\architectureSmells\repos1\tamasflamich_effort\Main\Source\Effort.Shared\DataLoaders\CsvTableDataLoader.cs,The tool detected the smell in this class because a set of code clones has been found and at least one of the clones found in this class. List of code clones with start and end line numbers are:  CsvTableDataLoader (D:\research\architectureSmells\repos1\tamasflamich_effort\Main\Source\Effort.Shared\DataLoaders\CsvTableDataLoader.cs' [3' 28])' CsvTableDataLoaderFactory (D:\research\architectureSmells\repos1\tamasflamich_effort\Main\Source\Effort.Shared\DataLoaders\CsvTableDataLoaderFactory.cs' [3' 28])' TableDataLoaderBase (D:\research\architectureSmells\repos1\tamasflamich_effort\Main\Source\Effort.Shared\DataLoaders\TableDataLoaderBase.cs' [3' 28])' FileSystemFileProvider (D:\research\architectureSmells\repos1\tamasflamich_effort\Main\Source\Effort.Shared\DataLoaders\Internal\FileSystemFileProvider.cs' [3' 28])' ResourceFileReference (D:\research\architectureSmells\repos1\tamasflamich_effort\Main\Source\Effort.Shared\DataLoaders\Internal\ResourceFileReference.cs' [3' 28])' FileSystemFileReference (D:\research\architectureSmells\repos1\tamasflamich_effort\Main\Source\Effort.Shared\DataLoaders\Internal\FileSystemFileReference.cs' [3' 28])' DbCommandActionHelper (D:\research\architectureSmells\repos1\tamasflamich_effort\Main\Source\Effort.Shared\Internal\CommandActions\DbCommandActionHelper.cs' [3' 28])' InsertCommandAction (D:\research\architectureSmells\repos1\tamasflamich_effort\Main\Source\Effort.Shared\Internal\CommandActions\InsertCommandAction.cs' [3' 28])' UpdateCommandAction (D:\research\architectureSmells\repos1\tamasflamich_effort\Main\Source\Effort.Shared\Internal\CommandActions\UpdateCommandAction.cs' [3' 28])' DatabaseReflectionHelper (D:\research\architectureSmells\repos1\tamasflamich_effort\Main\Source\Effort.Shared\Internal\Common\DatabaseReflectionHelper.cs' [3' 28])' MetadataWorkspaceHelper (D:\research\architectureSmells\repos1\tamasflamich_effort\Main\Source\Effort.Shared\Internal\Common\MetadataWorkspaceHelper.cs' [3' 28])' TypeHelper (D:\research\architectureSmells\repos1\tamasflamich_effort\Main\Source\Effort.Shared\Internal\Common\TypeHelper.cs' [3' 28])' ExpressionHelper (D:\research\architectureSmells\repos1\tamasflamich_effort\Main\Source\Effort.Shared\Internal\Common\ExpressionHelper.cs' [3' 28])' ReflectionHelper (D:\research\architectureSmells\repos1\tamasflamich_effort\Main\Source\Effort.Shared\Internal\Common\ReflectionHelper.cs' [3' 28])' FastLazy<T> (D:\research\architectureSmells\repos1\tamasflamich_effort\Main\Source\Effort.Shared\Internal\Common\FastLazy`1.cs' [3' 28])' FieldDescription (D:\research\architectureSmells\repos1\tamasflamich_effort\Main\Source\Effort.Shared\Internal\Common\FieldDescription.cs' [3' 28])' TupleTypeHelper (D:\research\architectureSmells\repos1\tamasflamich_effort\Main\Source\Effort.Shared\Internal\Common\TupleTypeHelper.cs' [3' 28])' IAttributeModifier (D:\research\architectureSmells\repos1\tamasflamich_effort\Main\Source\Effort.Shared\Internal\Common\XmlProcessing\IAttributeModifier.cs' [3' 28])' IElementAttributeSelector (D:\research\architectureSmells\repos1\tamasflamich_effort\Main\Source\Effort.Shared\Internal\Common\XmlProcessing\IElementAttributeSelector.cs' [3' 28])' IElementModifier (D:\research\architectureSmells\repos1\tamasflamich_effort\Main\Source\Effort.Shared\Internal\Common\XmlProcessing\IElementModifier.cs' [3' 28])' IElementVisitor (D:\research\architectureSmells\repos1\tamasflamich_effort\Main\Source\Effort.Shared\Internal\Common\XmlProcessing\IElementVisitor`1.cs' [3' 28])' CanonicalFunctionMapper (D:\research\architectureSmells\repos1\tamasflamich_effort\Main\Source\Effort.Shared\Internal\DbCommandTreeTransformation\CanonicalFunctions.cs' [3' 28])' LinqMethodExpressionBuilder (D:\research\architectureSmells\repos1\tamasflamich_effort\Main\Source\Effort.Shared\Internal\DbCommandTreeTransformation\LinqMethodExpressionBuilder.cs' [3' 28])' LinqMethodProvider (D:\research\architectureSmells\repos1\tamasflamich_effort\Main\Source\Effort.Shared\Internal\DbCommandTreeTransformation\LinqMethodProvider.cs' [3' 28])' MethodInfoGroup (D:\research\architectureSmells\repos1\tamasflamich_effort\Main\Source\Effort.Shared\Internal\DbCommandTreeTransformation\MethodInfoGroup.cs' [3' 28])' NullableEnumerableExtensionMethods (D:\research\architectureSmells\repos1\tamasflamich_effort\Main\Source\Effort.Shared\Internal\DbCommandTreeTransformation\NullableEnumerableExtensionMethods.cs' [3' 28])' VariableCollection (D:\research\architectureSmells\repos1\tamasflamich_effort\Main\Source\Effort.Shared\Internal\DbCommandTreeTransformation\VariableCollection.cs' [3' 28])' BareSchemaBase (D:\research\architectureSmells\repos1\tamasflamich_effort\Main\Source\Effort.Shared\Internal\DbManagement\Schema\BareSchemaBase.cs' [3' 28])' DbTableInfo (D:\research\architectureSmells\repos1\tamasflamich_effort\Main\Source\Effort.Shared\Internal\DbManagement\Schema\DbTableInfo.cs' [3' 28])' IBareSchema (D:\research\architectureSmells\repos1\tamasflamich_effort\Main\Source\Effort.Shared\Internal\DbManagement\Schema\IBareSchema.cs' [3' 28])' KeyInfoHelper (D:\research\architectureSmells\repos1\tamasflamich_effort\Main\Source\Effort.Shared\Internal\DbManagement\Schema\KeyInfoHelper.cs' [3' 28])' AssociationInfo (D:\research\architectureSmells\repos1\tamasflamich_effort\Main\Source\Effort.Shared\Internal\DbManagement\Schema\Configuration\AssociationInfo.cs' [3' 28])' PrimaryKeyConfiguration (D:\research\architectureSmells\repos1\tamasflamich_effort\Main\Source\Effort.Shared\Internal\DbManagement\Schema\Configuration\PrimaryKeyConfiguration.cs' [3' 28])' RelationConfigurationGroup (D:\research\architectureSmells\repos1\tamasflamich_effort\Main\Source\Effort.Shared\Internal\DbManagement\Schema\Configuration\RelationConfigurationGroup.cs' [3' 28])' TableConfigurationGroup (D:\research\architectureSmells\repos1\tamasflamich_effort\Main\Source\Effort.Shared\Internal\DbManagement\Schema\Configuration\TableConfigurationGroup.cs' [3' 28])' CommonPropertyElementModifier (D:\research\architectureSmells\repos1\tamasflamich_effort\Main\Source\Effort.Shared\Internal\StorageSchema\CommonPropertyElementModifier.cs' [3' 28])' EntityTypePropertyElementSelector (D:\research\architectureSmells\repos1\tamasflamich_effort\Main\Source\Effort.Shared\Internal\StorageSchema\EntityTypePropertyElementSelector.cs' [3' 28])' FunctionElementSelector (D:\research\architectureSmells\repos1\tamasflamich_effort\Main\Source\Effort.Shared\Internal\StorageSchema\FunctionElementSelector.cs' [3' 28])' FunctionParameterElementSelector (D:\research\architectureSmells\repos1\tamasflamich_effort\Main\Source\Effort.Shared\Internal\StorageSchema\FunctionParameterElementSelector.cs' [3' 28])' FunctionReturnRowTypePropertyElementSelector (D:\research\architectureSmells\repos1\tamasflamich_effort\Main\Source\Effort.Shared\Internal\StorageSchema\FunctionReturnRowTypePropertyElementSelector.cs' [3' 28])' StorageSchemaContentNameProvider (D:\research\architectureSmells\repos1\tamasflamich_effort\Main\Source\Effort.Shared\Internal\StorageSchema\StorageSchemaContentNameProvider.cs' [3' 28])' StorageSchemaNamespaces (D:\research\architectureSmells\repos1\tamasflamich_effort\Main\Source\Effort.Shared\Internal\StorageSchema\StorageSchemaNamespaces.cs' [3' 28])' EffortConnectionStringBuilder (D:\research\architectureSmells\repos1\tamasflamich_effort\Main\Source\Effort.Shared\Provider\EffortConnectionStringBuilder.cs' [3' 28])' EffortProviderServices (D:\research\architectureSmells\repos1\tamasflamich_effort\Main\Source\Effort.Shared\Provider\EffortProviderServices.cs' [3' 28])' EffortEntityCommand (D:\research\architectureSmells\repos1\tamasflamich_effort\Main\Source\Effort.Shared\Provider\EffortEntityCommand.cs' [3' 28])' EffortProviderManifest (D:\research\architectureSmells\repos1\tamasflamich_effort\Main\Source\Effort.Shared\Provider\EffortProviderManifest.cs' [3' 28])
Imperative Abstraction,Effort.DataLoaders,CsvValueConverter,D:\research\architectureSmells\repos1\tamasflamich_effort\Main\Source\Effort.Shared\DataLoaders\CsvValueConverter.cs,The tool detected the smell in this class because it looks like that an operation is turned into a class. This class contains only the following public method: ConvertValue
Duplicate Abstraction,Effort.DataLoaders,EntityTableDataLoaderFactory,D:\research\architectureSmells\repos1\tamasflamich_effort\Main\Source\Effort.Shared\DataLoaders\EntityTableDataLoaderFactory.cs,The tool detected the smell in this class because a set of code clones has been found and at least one of the clones found in this class. List of code clones with start and end line numbers are:  EntityTableDataLoaderFactory (D:\research\architectureSmells\repos1\tamasflamich_effort\Main\Source\Effort.Shared\DataLoaders\EntityTableDataLoaderFactory.cs' [3' 25])' EffortConnection (D:\research\architectureSmells\repos1\tamasflamich_effort\Main\Source\Effort.Shared\Provider\EffortConnection.cs' [3' 25])' EffortTransaction (D:\research\architectureSmells\repos1\tamasflamich_effort\Main\Source\Effort.Shared\Provider\EffortTransaction.cs' [3' 25])
Duplicate Abstraction,Effort,ObjectContextFactory,D:\research\architectureSmells\repos1\tamasflamich_effort\Main\Source\Effort.Shared\ObjectContextFactory.cs,The tool detected the smell in this class because a set of code clones has been found and at least one of the clones found in this class. List of code clones with start and end line numbers are:  ObjectContextFactory (D:\research\architectureSmells\repos1\tamasflamich_effort\Main\Source\Effort.Shared\ObjectContextFactory.cs' [300' 319])' ObjectContextFactory (D:\research\architectureSmells\repos1\tamasflamich_effort\Main\Source\Effort.Shared\ObjectContextFactory.cs' [405' 424])
Duplicate Abstraction,Effort.Exceptions,ExceptionMessages,D:\research\architectureSmells\repos1\tamasflamich_effort\Main\Source\Effort.Shared\Exceptions\ExceptionMessages.cs,The tool detected the smell in this class because two or more abstractions have identical names. The abstractions with identical names are: Effort.Exceptions.ExceptionMessages' Effort.Internal.Csv.ExceptionMessages
Duplicate Abstraction,Effort.Internal.Caching,DbSchemaStore,D:\research\architectureSmells\repos1\tamasflamich_effort\Main\Source\Effort.Shared\Internal\Caching\DbSchemaStore.cs,The tool detected the smell in this class because a set of code clones has been found and at least one of the clones found in this class. List of code clones with start and end line numbers are:  DbSchemaStore (D:\research\architectureSmells\repos1\tamasflamich_effort\Main\Source\Effort.Shared\Internal\Caching\DbSchemaStore.cs' [3' 32])' MetadataWorkspaceStore (D:\research\architectureSmells\repos1\tamasflamich_effort\Main\Source\Effort.Shared\Internal\Caching\MetadataWorkspaceStore.cs' [3' 32])' EntityTypePropertyElementSelector (D:\research\architectureSmells\repos1\tamasflamich_effort\Main\Source\Effort.Shared\Internal\StorageSchema\EntityTypePropertyElementSelector.cs' [3' 32])' FunctionParameterElementSelector (D:\research\architectureSmells\repos1\tamasflamich_effort\Main\Source\Effort.Shared\Internal\StorageSchema\FunctionParameterElementSelector.cs' [3' 32])' FunctionReturnRowTypePropertyElementSelector (D:\research\architectureSmells\repos1\tamasflamich_effort\Main\Source\Effort.Shared\Internal\StorageSchema\FunctionReturnRowTypePropertyElementSelector.cs' [3' 32])' FunctionTypeAttributeModifier (D:\research\architectureSmells\repos1\tamasflamich_effort\Main\Source\Effort.Shared\Internal\StorageSchema\FunctionTypeAttributeModifier.cs' [3' 32])' PropertyTypeAttributeModifier (D:\research\architectureSmells\repos1\tamasflamich_effort\Main\Source\Effort.Shared\Internal\StorageSchema\PropertyTypeAttributeModifier.cs' [3' 32])
Duplicate Abstraction,Effort.Internal.CommandActions,InsertCommandAction,D:\research\architectureSmells\repos1\tamasflamich_effort\Main\Source\Effort.Shared\Internal\CommandActions\InsertCommandAction.cs,The tool detected the smell in this class because a set of code clones has been found and at least one of the clones found in this class. List of code clones with start and end line numbers are:  InsertCommandAction (D:\research\architectureSmells\repos1\tamasflamich_effort\Main\Source\Effort.Shared\Internal\CommandActions\InsertCommandAction.cs' [63' 89])' InsertCommandAction (D:\research\architectureSmells\repos1\tamasflamich_effort\Main\Source\Effort.Shared\Internal\CommandActions\InsertCommandAction.cs' [110' 136])
Duplicate Abstraction,Effort.Internal.CommandActions,UpdateCommandAction,D:\research\architectureSmells\repos1\tamasflamich_effort\Main\Source\Effort.Shared\Internal\CommandActions\UpdateCommandAction.cs,The tool detected the smell in this class because a set of code clones has been found and at least one of the clones found in this class. List of code clones with start and end line numbers are:  UpdateCommandAction (D:\research\architectureSmells\repos1\tamasflamich_effort\Main\Source\Effort.Shared\Internal\CommandActions\UpdateCommandAction.cs' [57' 102])' UpdateCommandAction (D:\research\architectureSmells\repos1\tamasflamich_effort\Main\Source\Effort.Shared\Internal\CommandActions\UpdateCommandAction.cs' [124' 169])
Unutilized Abstraction,Effort.Internal.Common,EdmHelper,D:\research\architectureSmells\repos1\tamasflamich_effort\Main\Source\Effort.Shared\Internal\Common\EdmHelper.cs,The tool detected the smell in this class because this class is potentially unused.   (Please ignore the smell if the reported class is auto-generated and/or used to serve a specific known purpose.)
Duplicate Abstraction,Effort.Internal.Common,EdmHelper,D:\research\architectureSmells\repos1\tamasflamich_effort\Main\Source\Effort.Shared\Internal\Common\EdmHelper.cs,The tool detected the smell in this class because a set of code clones has been found and at least one of the clones found in this class. List of code clones with start and end line numbers are:  EdmHelper (D:\research\architectureSmells\repos1\tamasflamich_effort\Main\Source\Effort.Shared\Internal\Common\EdmHelper.cs' [3' 31])' TypeUsageHelper (D:\research\architectureSmells\repos1\tamasflamich_effort\Main\Source\Effort.Shared\Internal\Common\TypeUsageHelper.cs' [3' 31])' TransformVisitor (D:\research\architectureSmells\repos1\tamasflamich_effort\Main\Source\Effort.Shared\Internal\DbCommandTreeTransformation\TransformVisitor.And.cs' [3' 31])' TraversalVisitor (D:\research\architectureSmells\repos1\tamasflamich_effort\Main\Source\Effort.Shared\Internal\DbCommandTreeTransformation\TraversalVisitor.cs' [3' 31])' IProviderInformation (D:\research\architectureSmells\repos1\tamasflamich_effort\Main\Source\Effort.Shared\Internal\StorageSchema\IProviderInformation.cs' [3' 31])' ProviderInformation (D:\research\architectureSmells\repos1\tamasflamich_effort\Main\Source\Effort.Shared\Internal\StorageSchema\ProviderInformation.cs' [3' 31])' EffortCommandBase (D:\research\architectureSmells\repos1\tamasflamich_effort\Main\Source\Effort.Shared\Provider\EffortCommandBase.cs' [3' 31])' EffortParameter (D:\research\architectureSmells\repos1\tamasflamich_effort\Main\Source\Effort.Shared\Provider\EffortParameter.cs' [3' 31])
Duplicate Abstraction,Effort.Internal.Csv,CsvReader,D:\research\architectureSmells\repos1\tamasflamich_effort\Main\Source\Effort.Shared\Internal\Csv\CsvReader.cs,The tool detected the smell in this class because a set of code clones has been found and at least one of the clones found in this class. List of code clones with start and end line numbers are:  CsvReader (D:\research\architectureSmells\repos1\tamasflamich_effort\Main\Source\Effort.Shared\Internal\Csv\CsvReader.cs' [5' 28])' DataReaderValidations (D:\research\architectureSmells\repos1\tamasflamich_effort\Main\Source\Effort.Shared\Internal\Csv\CsvReader.DataReaderValidations.cs' [5' 28])' FieldValue (D:\research\architectureSmells\repos1\tamasflamich_effort\Main\Source\Effort.Shared\Internal\Csv\FieldValue.cs' [5' 28])' MalformedCsvException (D:\research\architectureSmells\repos1\tamasflamich_effort\Main\Source\Effort.Shared\Internal\Csv\MalformedCsvException.cs' [5' 28])' MissingFieldCsvException (D:\research\architectureSmells\repos1\tamasflamich_effort\Main\Source\Effort.Shared\Internal\Csv\MissingFieldCsvException.cs' [5' 28])' ParseErrorEventArgs (D:\research\architectureSmells\repos1\tamasflamich_effort\Main\Source\Effort.Shared\Internal\Csv\ParseErrorEventArgs.cs' [5' 28])' ValueTrimmingOptions (D:\research\architectureSmells\repos1\tamasflamich_effort\Main\Source\Effort.Shared\Internal\Csv\ValueTrimmingOptions.cs' [5' 28])' RecordEnumerator (D:\research\architectureSmells\repos1\tamasflamich_effort\Main\Source\Effort.Shared\Internal\Csv\CsvReader.RecordEnumerator.cs' [5' 28])' MissingFieldAction (D:\research\architectureSmells\repos1\tamasflamich_effort\Main\Source\Effort.Shared\Internal\Csv\MissingFieldAction.cs' [5' 28])' ParseErrorAction (D:\research\architectureSmells\repos1\tamasflamich_effort\Main\Source\Effort.Shared\Internal\Csv\ParseErrorAction.cs' [5' 28])
Duplicate Abstraction,Effort.Internal.Csv,CsvReader,D:\research\architectureSmells\repos1\tamasflamich_effort\Main\Source\Effort.Shared\Internal\Csv\CsvReader.cs,The tool detected the smell in this class because a set of code clones has been found and at least one of the clones found in this class. List of code clones with start and end line numbers are:  CsvReader (D:\research\architectureSmells\repos1\tamasflamich_effort\Main\Source\Effort.Shared\Internal\Csv\CsvReader.cs' [5' 30])' RecordEnumerator (D:\research\architectureSmells\repos1\tamasflamich_effort\Main\Source\Effort.Shared\Internal\Csv\CsvReader.RecordEnumerator.cs' [5' 30])' FieldValue (D:\research\architectureSmells\repos1\tamasflamich_effort\Main\Source\Effort.Shared\Internal\Csv\FieldValue.cs' [5' 30])' ParseErrorEventArgs (D:\research\architectureSmells\repos1\tamasflamich_effort\Main\Source\Effort.Shared\Internal\Csv\ParseErrorEventArgs.cs' [5' 30])
Duplicate Abstraction,Effort.Internal.Csv,CsvReader,D:\research\architectureSmells\repos1\tamasflamich_effort\Main\Source\Effort.Shared\Internal\Csv\CsvReader.cs,The tool detected the smell in this class because a set of code clones has been found and at least one of the clones found in this class. List of code clones with start and end line numbers are:  CsvReader (D:\research\architectureSmells\repos1\tamasflamich_effort\Main\Source\Effort.Shared\Internal\Csv\CsvReader.cs' [5' 27])' MissingFieldAction (D:\research\architectureSmells\repos1\tamasflamich_effort\Main\Source\Effort.Shared\Internal\Csv\MissingFieldAction.cs' [5' 27])' ParseErrorAction (D:\research\architectureSmells\repos1\tamasflamich_effort\Main\Source\Effort.Shared\Internal\Csv\ParseErrorAction.cs' [5' 27])' DataReaderValidations (D:\research\architectureSmells\repos1\tamasflamich_effort\Main\Source\Effort.Shared\Internal\Csv\CsvReader.DataReaderValidations.cs' [5' 27])' RecordEnumerator (D:\research\architectureSmells\repos1\tamasflamich_effort\Main\Source\Effort.Shared\Internal\Csv\CsvReader.RecordEnumerator.cs' [5' 27])' FieldValue (D:\research\architectureSmells\repos1\tamasflamich_effort\Main\Source\Effort.Shared\Internal\Csv\FieldValue.cs' [5' 27])' MalformedCsvException (D:\research\architectureSmells\repos1\tamasflamich_effort\Main\Source\Effort.Shared\Internal\Csv\MalformedCsvException.cs' [5' 27])' MissingFieldCsvException (D:\research\architectureSmells\repos1\tamasflamich_effort\Main\Source\Effort.Shared\Internal\Csv\MissingFieldCsvException.cs' [5' 27])' ParseErrorEventArgs (D:\research\architectureSmells\repos1\tamasflamich_effort\Main\Source\Effort.Shared\Internal\Csv\ParseErrorEventArgs.cs' [5' 27])' ValueTrimmingOptions (D:\research\architectureSmells\repos1\tamasflamich_effort\Main\Source\Effort.Shared\Internal\Csv\ValueTrimmingOptions.cs' [5' 27])
Duplicate Abstraction,Effort.Internal.Csv,CsvReader,D:\research\architectureSmells\repos1\tamasflamich_effort\Main\Source\Effort.Shared\Internal\Csv\CsvReader.cs,The tool detected the smell in this class because a set of code clones has been found and at least one of the clones found in this class. List of code clones with start and end line numbers are:  CsvReader (D:\research\architectureSmells\repos1\tamasflamich_effort\Main\Source\Effort.Shared\Internal\Csv\CsvReader.cs' [5' 24])' ExtendedKeyInfoFactory (D:\research\architectureSmells\repos1\tamasflamich_effort\Main\Source\Effort.Shared\Internal\DbManagement\Engine\Services\ExtendedKeyInfoFactory.cs' [4' 23])' DataReaderValidations (D:\research\architectureSmells\repos1\tamasflamich_effort\Main\Source\Effort.Shared\Internal\Csv\CsvReader.DataReaderValidations.cs' [5' 24])' RecordEnumerator (D:\research\architectureSmells\repos1\tamasflamich_effort\Main\Source\Effort.Shared\Internal\Csv\CsvReader.RecordEnumerator.cs' [5' 24])' FieldValue (D:\research\architectureSmells\repos1\tamasflamich_effort\Main\Source\Effort.Shared\Internal\Csv\FieldValue.cs' [5' 24])' MalformedCsvException (D:\research\architectureSmells\repos1\tamasflamich_effort\Main\Source\Effort.Shared\Internal\Csv\MalformedCsvException.cs' [5' 24])' MissingFieldAction (D:\research\architectureSmells\repos1\tamasflamich_effort\Main\Source\Effort.Shared\Internal\Csv\MissingFieldAction.cs' [5' 24])' MissingFieldCsvException (D:\research\architectureSmells\repos1\tamasflamich_effort\Main\Source\Effort.Shared\Internal\Csv\MissingFieldCsvException.cs' [5' 24])' ParseErrorAction (D:\research\architectureSmells\repos1\tamasflamich_effort\Main\Source\Effort.Shared\Internal\Csv\ParseErrorAction.cs' [5' 24])' ParseErrorEventArgs (D:\research\architectureSmells\repos1\tamasflamich_effort\Main\Source\Effort.Shared\Internal\Csv\ParseErrorEventArgs.cs' [5' 24])' ValueTrimmingOptions (D:\research\architectureSmells\repos1\tamasflamich_effort\Main\Source\Effort.Shared\Internal\Csv\ValueTrimmingOptions.cs' [5' 24])
Duplicate Abstraction,Effort.Internal.Csv,CsvReader,D:\research\architectureSmells\repos1\tamasflamich_effort\Main\Source\Effort.Shared\Internal\Csv\CsvReader.cs,The tool detected the smell in this class because a set of code clones has been found and at least one of the clones found in this class. List of code clones with start and end line numbers are:  CsvReader (D:\research\architectureSmells\repos1\tamasflamich_effort\Main\Source\Effort.Shared\Internal\Csv\CsvReader.cs' [3' 23])' DataReaderValidations (D:\research\architectureSmells\repos1\tamasflamich_effort\Main\Source\Effort.Shared\Internal\Csv\CsvReader.DataReaderValidations.cs' [3' 23])' RecordEnumerator (D:\research\architectureSmells\repos1\tamasflamich_effort\Main\Source\Effort.Shared\Internal\Csv\CsvReader.RecordEnumerator.cs' [3' 23])' MalformedCsvException (D:\research\architectureSmells\repos1\tamasflamich_effort\Main\Source\Effort.Shared\Internal\Csv\MalformedCsvException.cs' [3' 23])' MissingFieldAction (D:\research\architectureSmells\repos1\tamasflamich_effort\Main\Source\Effort.Shared\Internal\Csv\MissingFieldAction.cs' [3' 23])' MissingFieldCsvException (D:\research\architectureSmells\repos1\tamasflamich_effort\Main\Source\Effort.Shared\Internal\Csv\MissingFieldCsvException.cs' [3' 23])' ParseErrorAction (D:\research\architectureSmells\repos1\tamasflamich_effort\Main\Source\Effort.Shared\Internal\Csv\ParseErrorAction.cs' [3' 23])' ParseErrorEventArgs (D:\research\architectureSmells\repos1\tamasflamich_effort\Main\Source\Effort.Shared\Internal\Csv\ParseErrorEventArgs.cs' [3' 23])
Duplicate Abstraction,Effort.Internal.Csv,CsvReader,D:\research\architectureSmells\repos1\tamasflamich_effort\Main\Source\Effort.Shared\Internal\Csv\CsvReader.cs,The tool detected the smell in this class because a set of code clones has been found and at least one of the clones found in this class. List of code clones with start and end line numbers are:  CsvReader (D:\research\architectureSmells\repos1\tamasflamich_effort\Main\Source\Effort.Shared\Internal\Csv\CsvReader.cs' [307' 327])' CsvReader (D:\research\architectureSmells\repos1\tamasflamich_effort\Main\Source\Effort.Shared\Internal\Csv\CsvReader.cs' [381' 401])
Duplicate Abstraction,Effort.Internal.Csv,CsvReader,D:\research\architectureSmells\repos1\tamasflamich_effort\Main\Source\Effort.Shared\Internal\Csv\CsvReader.cs,The tool detected the smell in this class because a set of code clones has been found and at least one of the clones found in this class. List of code clones with start and end line numbers are:  CsvReader (D:\research\architectureSmells\repos1\tamasflamich_effort\Main\Source\Effort.Shared\Internal\Csv\CsvReader.cs' [386' 415])' CsvReader (D:\research\architectureSmells\repos1\tamasflamich_effort\Main\Source\Effort.Shared\Internal\Csv\CsvReader.cs' [439' 468])
Duplicate Abstraction,Effort.Internal.Csv,DataReaderValidations,D:\research\architectureSmells\repos1\tamasflamich_effort\Main\Source\Effort.Shared\Internal\Csv\CsvReader.DataReaderValidations.cs,The tool detected the smell in this class because a set of code clones has been found and at least one of the clones found in this class. List of code clones with start and end line numbers are:  DataReaderValidations (D:\research\architectureSmells\repos1\tamasflamich_effort\Main\Source\Effort.Shared\Internal\Csv\CsvReader.DataReaderValidations.cs' [5' 29])' FieldValue (D:\research\architectureSmells\repos1\tamasflamich_effort\Main\Source\Effort.Shared\Internal\Csv\FieldValue.cs' [5' 29])' ParseErrorEventArgs (D:\research\architectureSmells\repos1\tamasflamich_effort\Main\Source\Effort.Shared\Internal\Csv\ParseErrorEventArgs.cs' [5' 29])' ValueTrimmingOptions (D:\research\architectureSmells\repos1\tamasflamich_effort\Main\Source\Effort.Shared\Internal\Csv\ValueTrimmingOptions.cs' [5' 29])
Duplicate Abstraction,Effort.Internal.Csv,FieldValue,D:\research\architectureSmells\repos1\tamasflamich_effort\Main\Source\Effort.Shared\Internal\Csv\FieldValue.cs,The tool detected the smell in this class because a set of code clones has been found and at least one of the clones found in this class. List of code clones with start and end line numbers are:  FieldValue (D:\research\architectureSmells\repos1\tamasflamich_effort\Main\Source\Effort.Shared\Internal\Csv\FieldValue.cs' [3' 23])' ValueTrimmingOptions (D:\research\architectureSmells\repos1\tamasflamich_effort\Main\Source\Effort.Shared\Internal\Csv\ValueTrimmingOptions.cs' [3' 23])
Imperative Abstraction,Effort.Internal.Csv,MalformedCsvException,D:\research\architectureSmells\repos1\tamasflamich_effort\Main\Source\Effort.Shared\Internal\Csv\MalformedCsvException.cs,The tool detected the smell in this class because it looks like that an operation is turned into a class. This class contains only the following public method: GetObjectData
Duplicate Abstraction,Effort.Internal.Csv,MissingFieldCsvException,D:\research\architectureSmells\repos1\tamasflamich_effort\Main\Source\Effort.Shared\Internal\Csv\MissingFieldCsvException.cs,The tool detected the smell in this class because a set of code clones has been found and at least one of the clones found in this class. List of code clones with start and end line numbers are:  MissingFieldCsvException (D:\research\architectureSmells\repos1\tamasflamich_effort\Main\Source\Effort.Shared\Internal\Csv\MissingFieldCsvException.cs' [1' 21])' ParseErrorAction (D:\research\architectureSmells\repos1\tamasflamich_effort\Main\Source\Effort.Shared\Internal\Csv\ParseErrorAction.cs' [1' 21])
Unutilized Abstraction,Effort.Internal.DbCommandTreeTransformation,CanonicalFunctionMapper,D:\research\architectureSmells\repos1\tamasflamich_effort\Main\Source\Effort.Shared\Internal\DbCommandTreeTransformation\CanonicalFunctions.cs,The tool detected the smell in this class because this class is potentially unused.   (Please ignore the smell if the reported class is auto-generated and/or used to serve a specific known purpose.)
Unnecessary Abstraction,Effort.Internal.DbCommandTreeTransformation,IDbMethodProvider,D:\research\architectureSmells\repos1\tamasflamich_effort\Main\Source\Effort.Shared\Internal\DbCommandTreeTransformation\IDbMethodProvider.cs,The tool detected the smell in this class because the class contains only a few data members without any method implementation' that indicates that the abstraction might not be required. Following fields and properties are declared in this class: Like
Feature Envy,Effort.Internal.DbCommandTreeTransformation,TransformVisitor,D:\research\architectureSmells\repos1\tamasflamich_effort\Main\Source\Effort.Shared\Internal\DbCommandTreeTransformation\TransformVisitor.And.cs,The tool detected the smell because a method in this type accesses members from another type more than the members from its own type. The method causing this smell is: CreateAggregateFunction which is more interested in members of the type: LinqMethodExpressionBuilder
Feature Envy,Effort.Internal.DbCommandTreeTransformation,TransformVisitor,D:\research\architectureSmells\repos1\tamasflamich_effort\Main\Source\Effort.Shared\Internal\DbCommandTreeTransformation\TransformVisitor.And.cs,The tool detected the smell because a method in this type accesses members from another type more than the members from its own type. The method causing this smell is: CreateOrderByExpression which is more interested in members of the type: LinqMethodExpressionBuilder
Unnecessary Abstraction,Effort.Internal.DbCommandTreeTransformation,Variable,D:\research\architectureSmells\repos1\tamasflamich_effort\Main\Source\Effort.Shared\Internal\DbCommandTreeTransformation\Variable.cs,The tool detected the smell in this class because the class contains only a few data members without any method implementation' that indicates that the abstraction might not be required. Following fields and properties are declared in this class: Expression' Name
Unutilized Abstraction,Effort.Internal.DbCommandTreeTransformation,VariableHandler,D:\research\architectureSmells\repos1\tamasflamich_effort\Main\Source\Effort.Shared\Internal\DbCommandTreeTransformation\VariableHandler.cs,The tool detected the smell in this class because this class is potentially unused.   (Please ignore the smell if the reported class is auto-generated and/or used to serve a specific known purpose.)
Unnecessary Abstraction,Effort.Internal.DbCommandTreeTransformation.Functions,GuidFunctions,D:\research\architectureSmells\repos1\tamasflamich_effort\Main\Source\Effort.Shared\Internal\DbCommandTreeTransformation\Functions\GuidFunctions.cs,The tool detected the smell in this class because the class contains only a few data members without any method implementation' that indicates that the abstraction might not be required. Following fields and properties are declared in this class: ' CompareTo
Unutilized Abstraction,Effort.Internal.DbCommandTreeTransformation.Functions,GuidFunctions,D:\research\architectureSmells\repos1\tamasflamich_effort\Main\Source\Effort.Shared\Internal\DbCommandTreeTransformation\Functions\GuidFunctions.cs,The tool detected the smell in this class because this class is potentially unused.   (Please ignore the smell if the reported class is auto-generated and/or used to serve a specific known purpose.)
Duplicate Abstraction,Effort.Internal.DbCommandTreeTransformation.Functions,GuidFunctions,D:\research\architectureSmells\repos1\tamasflamich_effort\Main\Source\Effort.Shared\Internal\DbCommandTreeTransformation\Functions\GuidFunctions.cs,The tool detected the smell in this class because a set of code clones has been found and at least one of the clones found in this class. List of code clones with start and end line numbers are:  GuidFunctions (D:\research\architectureSmells\repos1\tamasflamich_effort\Main\Source\Effort.Shared\Internal\DbCommandTreeTransformation\Functions\GuidFunctions.cs' [1' 21])' StringFunctions (D:\research\architectureSmells\repos1\tamasflamich_effort\Main\Source\Effort.Shared\Internal\DbCommandTreeTransformation\Functions\StringFunctions.cs' [1' 21])
Unnecessary Abstraction,Effort.Internal.DbCommandTreeTransformation.Functions,IntegerFunctions,D:\research\architectureSmells\repos1\tamasflamich_effort\Main\Source\Effort.Shared\Internal\DbCommandTreeTransformation\Functions\IntegerFunctions.cs,The tool detected the smell in this class because the class contains only a few data members without any method implementation' that indicates that the abstraction might not be required. Following fields and properties are declared in this class: ' Abs64' Abs32' Abs16' Abs8
Unnecessary Abstraction,Effort.Internal.DbManagement,DbContainerParameters,D:\research\architectureSmells\repos1\tamasflamich_effort\Main\Source\Effort.Shared\Internal\DbManagement\DbContainerParameters.cs,The tool detected the smell in this class because the class contains only a few data members without any method implementation' that indicates that the abstraction might not be required. Following fields and properties are declared in this class: DataLoader' IsTransient
Unutilized Abstraction,Effort.Internal.DbManagement,DbExtensions,D:\research\architectureSmells\repos1\tamasflamich_effort\Main\Source\Effort.Shared\Internal\DbManagement\DbExtensions.cs,The tool detected the smell in this class because this class is potentially unused.   (Please ignore the smell if the reported class is auto-generated and/or used to serve a specific known purpose.)
Unnecessary Abstraction,Effort.Internal.DbManagement,DbMethodProvider,D:\research\architectureSmells\repos1\tamasflamich_effort\Main\Source\Effort.Shared\Internal\DbManagement\DbMethodProvider.cs,The tool detected the smell in this class because the class contains only a few data members without any method implementation' that indicates that the abstraction might not be required. Following fields and properties are declared in this class: Like
Unutilized Abstraction,Effort.Internal,InternalExtensions,D:\research\architectureSmells\repos1\tamasflamich_effort\Main\Source\Effort.Shared\Internal\Extensions\Database.GetEntityConnection.cs,The tool detected the smell in this class because this class is potentially unused.   (Please ignore the smell if the reported class is auto-generated and/or used to serve a specific known purpose.)
Unnecessary Abstraction,Effort.Internal.StorageSchema,IProviderInformation,D:\research\architectureSmells\repos1\tamasflamich_effort\Main\Source\Effort.Shared\Internal\StorageSchema\IProviderInformation.cs,The tool detected the smell in this class because the class contains only a few data members without any method implementation' that indicates that the abstraction might not be required. Following fields and properties are declared in this class: InvariantName' ManifestToken' Manifest
Unnecessary Abstraction,Effort.Internal.StorageSchema,StorageSchemaNamespaces,D:\research\architectureSmells\repos1\tamasflamich_effort\Main\Source\Effort.Shared\Internal\StorageSchema\StorageSchemaNamespaces.cs,The tool detected the smell in this class because the class contains only a few data members without any method implementation' that indicates that the abstraction might not be required. Following fields and properties are declared in this class: ' V1' V2' V3
Duplicate Abstraction,Effort.Internal.TypeConversion,DefaultTypeConverter,D:\research\architectureSmells\repos1\tamasflamich_effort\Main\Source\Effort.Shared\Internal\TypeConversion\DefaultTypeConverter.cs,The tool detected the smell in this class because a set of code clones has been found and at least one of the clones found in this class. List of code clones with start and end line numbers are:  DefaultTypeConverter (D:\research\architectureSmells\repos1\tamasflamich_effort\Main\Source\Effort.Shared\Internal\TypeConversion\DefaultTypeConverter.cs' [3' 33])' ITypeConverter (D:\research\architectureSmells\repos1\tamasflamich_effort\Main\Source\Effort.Shared\Internal\TypeConversion\ITypeConverter.cs' [3' 33])
Imperative Abstraction,Effort.Internal.TypeGeneration,DataRowFactory,D:\research\architectureSmells\repos1\tamasflamich_effort\Main\Source\Effort.Shared\Internal\TypeGeneration\DataRowFactory.cs,The tool detected the smell in this class because it looks like that an operation is turned into a class. This class contains only the following public method: Create
Unnecessary Abstraction,Effort.Internal.TypeGeneration,LargeDataRowAttribute,D:\research\architectureSmells\repos1\tamasflamich_effort\Main\Source\Effort.Shared\Internal\TypeGeneration\LargeDataRowAttribute.cs,The tool detected the smell in this class because the class contains only a few data members without any method implementation' that indicates that the abstraction might not be required. Following fields and properties are declared in this class: ' LargePropertyCount
Imperative Abstraction,Effort.Provider,EffortConnectionStringBuilder,D:\research\architectureSmells\repos1\tamasflamich_effort\Main\Source\Effort.Shared\Provider\EffortConnectionStringBuilder.cs,The tool detected the smell in this class because it looks like that an operation is turned into a class. This class contains only the following public method: Normalize
Imperative Abstraction,Effort.Provider,EffortParameter,D:\research\architectureSmells\repos1\tamasflamich_effort\Main\Source\Effort.Shared\Provider\EffortParameter.cs,The tool detected the smell in this class because it looks like that an operation is turned into a class. This class contains only the following public method: ResetDbType
Deficient Encapsulation,Effort,EntityFrameworkEffortManager,D:\research\architectureSmells\repos1\tamasflamich_effort\Main\Source\Effort.Shared\EntityFrameworkEffortManager.cs,The tool detected the smell in this class because the class exposes fields belonging to it with public accessibility. Following fields are declared with public accessiblity: CustomManifestPath' ContextFactory
Deficient Encapsulation,Effort,EntityFrameworkEffortManager,D:\research\architectureSmells\repos1\tamasflamich_effort\Main\Source\Effort.Shared\EntityFrameworkEffortManager.cs,The tool detected the smell in this class because the class declares global (public static) fields. Following fields are declared with public static modifiers: CustomManifestPath' ContextFactory
Deficient Encapsulation,Effort.Internal.DbManagement.Engine.Services,ExtendedKeyInfoFactory,D:\research\architectureSmells\repos1\tamasflamich_effort\Main\Source\Effort.Shared\Internal\DbManagement\Engine\Services\ExtendedKeyInfoFactory.cs,The tool detected the smell in this class because the class exposes fields belonging to it with public accessibility. Following fields are declared with public accessiblity: Instance
Deficient Encapsulation,Effort.Internal.DbManagement.Engine.Services,ExtendedKeyInfoFactory,D:\research\architectureSmells\repos1\tamasflamich_effort\Main\Source\Effort.Shared\Internal\DbManagement\Engine\Services\ExtendedKeyInfoFactory.cs,The tool detected the smell in this class because the class declares global (public static) fields. Following fields are declared with public static modifiers: Instance
Broken Modularization,Effort.Exceptions,ExceptionMessages,D:\research\architectureSmells\repos1\tamasflamich_effort\Main\Source\Effort.Shared\Exceptions\ExceptionMessages.cs,The tool detected the smell in this class because it contains only data members without any method implementation. Following fields and properties are declared in this class: ' InvariantName' FactoryType' ProviderServicesType' Break' AutomaticRegistationFailedResolveCode' AutomaticRegistationFailedResolveConfig' AutomaticRegistrationFailed' EntityPropertyAssignFailed' TableInitializationFailed' DbExpressionTransformationNotImplemented' TableNotFound' DatabaseNotInitialized
Insufficient Modularization,Effort.Internal.Csv,CsvReader,D:\research\architectureSmells\repos1\tamasflamich_effort\Main\Source\Effort.Shared\Internal\Csv\CsvReader.cs,The tool detected the smell in this class because the class contains large number of methods. Total methods in the class: 61 methods
Insufficient Modularization,Effort.Internal.Csv,CsvReader,D:\research\architectureSmells\repos1\tamasflamich_effort\Main\Source\Effort.Shared\Internal\Csv\CsvReader.cs,The tool detected the smell in this class because the class is highly complex. The sum of cyclomatic complexity of all methods of this class (i.e.' WMC) is: 230
Insufficient Modularization,Effort.Internal.DbCommandTreeTransformation,DbFunctions,D:\research\architectureSmells\repos1\tamasflamich_effort\Main\Source\Effort.Shared\Internal\DbCommandTreeTransformation\DbFunctions.cs,The tool detected the smell in this class becuase the class has bloated interface (large number of public methods). Total public methods in the class: 116 public methods
Insufficient Modularization,Effort.Internal.DbCommandTreeTransformation,DbFunctions,D:\research\architectureSmells\repos1\tamasflamich_effort\Main\Source\Effort.Shared\Internal\DbCommandTreeTransformation\DbFunctions.cs,The tool detected the smell in this class because the class contains large number of methods. Total methods in the class: 118 methods
Insufficient Modularization,Effort.Internal.DbCommandTreeTransformation,DbFunctions,D:\research\architectureSmells\repos1\tamasflamich_effort\Main\Source\Effort.Shared\Internal\DbCommandTreeTransformation\DbFunctions.cs,The tool detected the smell in this class because the class is highly complex. The sum of cyclomatic complexity of all methods of this class (i.e.' WMC) is: 233
Insufficient Modularization,Effort.Internal.DbCommandTreeTransformation,LinqMethodExpressionBuilder,D:\research\architectureSmells\repos1\tamasflamich_effort\Main\Source\Effort.Shared\Internal\DbCommandTreeTransformation\LinqMethodExpressionBuilder.cs,The tool detected the smell in this class becuase the class has bloated interface (large number of public methods). Total public methods in the class: 28 public methods
Insufficient Modularization,Effort.Internal.DbCommandTreeTransformation,LinqMethodProvider,D:\research\architectureSmells\repos1\tamasflamich_effort\Main\Source\Effort.Shared\Internal\DbCommandTreeTransformation\LinqMethodProvider.cs,The tool detected the smell in this class because the class contains large number of methods. Total methods in the class: 71 methods
Insufficient Modularization,Effort.Internal.DbCommandTreeTransformation,TransformVisitor,D:\research\architectureSmells\repos1\tamasflamich_effort\Main\Source\Effort.Shared\Internal\DbCommandTreeTransformation\TransformVisitor.And.cs,The tool detected the smell in this class becuase the class has bloated interface (large number of public methods). Total public methods in the class: 45 public methods
Insufficient Modularization,Effort.Internal.DbCommandTreeTransformation,TransformVisitor,D:\research\architectureSmells\repos1\tamasflamich_effort\Main\Source\Effort.Shared\Internal\DbCommandTreeTransformation\TransformVisitor.And.cs,The tool detected the smell in this class because the class contains large number of methods. Total methods in the class: 57 methods
Insufficient Modularization,Effort.Internal.DbCommandTreeTransformation,TransformVisitor,D:\research\architectureSmells\repos1\tamasflamich_effort\Main\Source\Effort.Shared\Internal\DbCommandTreeTransformation\TransformVisitor.And.cs,The tool detected the smell in this class because the class is highly complex. The sum of cyclomatic complexity of all methods of this class (i.e.' WMC) is: 125
Insufficient Modularization,Effort.Internal.DbCommandTreeTransformation,TraversalVisitor,D:\research\architectureSmells\repos1\tamasflamich_effort\Main\Source\Effort.Shared\Internal\DbCommandTreeTransformation\TraversalVisitor.cs,The tool detected the smell in this class becuase the class has bloated interface (large number of public methods). Total public methods in the class: 43 public methods
Insufficient Modularization,Effort.Internal.DbCommandTreeTransformation,TraversalVisitor,D:\research\architectureSmells\repos1\tamasflamich_effort\Main\Source\Effort.Shared\Internal\DbCommandTreeTransformation\TraversalVisitor.cs,The tool detected the smell in this class because the class contains large number of methods. Total methods in the class: 44 methods
Broken Modularization,Effort.Internal.DbCommandTreeTransformation.Functions,DateTimeFunctions,D:\research\architectureSmells\repos1\tamasflamich_effort\Main\Source\Effort.Shared\Internal\DbCommandTreeTransformation\Functions\DateTimeFunctions.cs,The tool detected the smell in this class because it contains only data members without any method implementation. Following fields and properties are declared in this class: ' Current' CurrentUtc' CreateDateTime' GetYear' GetMonth' GetDay' GetHour' GetMinute' GetSecond' GetMillisecond' AddYears' AddMonths' AddDays' AddHours' AddMinutes' AddSeconds' AddMilliseconds' AddMicroseconds' AddNanoseconds' TruncateTime' DiffYears' DiffMonths' DiffDays' DiffHours' DiffMinutes' DiffSeconds' DiffMilliseconds' DiffMicroseconds' DiffNanoseconds' DayOfYear
Broken Modularization,Effort.Internal.DbCommandTreeTransformation.Functions,DateTimeOffsetFunctions,D:\research\architectureSmells\repos1\tamasflamich_effort\Main\Source\Effort.Shared\Internal\DbCommandTreeTransformation\Functions\DateTimeOffsetFunctions.cs,The tool detected the smell in this class because it contains only data members without any method implementation. Following fields and properties are declared in this class: ' Current' CreateDateTimeOffset' GetYear' GetMonth' GetDay' GetHour' GetMinute' GetSecond' GetMillisecond' AddYears' AddMonths' AddDays' AddHours' AddMinutes' AddSeconds' AddMilliseconds' AddMicroseconds' AddNanoseconds' DiffYears' DiffMonths' DiffDays' DiffHours' DiffMinutes' DiffSeconds' DiffMilliseconds' DiffMicroseconds' DiffNanoseconds' TruncateTime' DayOfYear' GetTotalOffsetMinutes
Broken Modularization,Effort.Internal.DbCommandTreeTransformation.Functions,DecimalFunctions,D:\research\architectureSmells\repos1\tamasflamich_effort\Main\Source\Effort.Shared\Internal\DbCommandTreeTransformation\Functions\DecimalFunctions.cs,The tool detected the smell in this class because it contains only data members without any method implementation. Following fields and properties are declared in this class: ' Ceiling' Truncate' Floor' Round' RoundDigits' Abs
Broken Modularization,Effort.Internal.DbCommandTreeTransformation.Functions,DoubleFunctions,D:\research\architectureSmells\repos1\tamasflamich_effort\Main\Source\Effort.Shared\Internal\DbCommandTreeTransformation\Functions\DoubleFunctions.cs,The tool detected the smell in this class because it contains only data members without any method implementation. Following fields and properties are declared in this class: ' Truncate' Ceiling' Floor' Round' RoundDigits' Pow' Abs
Broken Modularization,Effort.Internal.DbCommandTreeTransformation.Functions,StringFunctions,D:\research\architectureSmells\repos1\tamasflamich_effort\Main\Source\Effort.Shared\Internal\DbCommandTreeTransformation\Functions\StringFunctions.cs,The tool detected the smell in this class because it contains only data members without any method implementation. Following fields and properties are declared in this class: ' Concat' Contains' ToLower' ToUpper' IndexOf' ReverseString' Substring' Trim' LTrim' RTrim' Left' Right' Length' Replace' StartsWith' EndsWith' CompareTo' ConvertToString' ParseString' ContainsCaseInsensitive' IndexOfCaseInsensitive' StartsWithCaseInsensitive' EndsWithCaseInsensitive
Broken Modularization,Effort.Internal.DbCommandTreeTransformation.Functions,TimeFunctions,D:\research\architectureSmells\repos1\tamasflamich_effort\Main\Source\Effort.Shared\Internal\DbCommandTreeTransformation\Functions\TimeFunctions.cs,The tool detected the smell in this class because it contains only data members without any method implementation. Following fields and properties are declared in this class: ' CreateTime' GetHour' GetMinute' GetSecond' GetMillisecond' AddHours' AddMinutes' AddSeconds' AddMilliseconds' AddMicroseconds' AddNanoseconds' DiffHours' DiffMinutes' DiffSeconds' DiffMilliseconds' DiffMicroseconds' DiffNanoseconds
Broken Modularization,Effort.Internal.TypeConversion,FacetInfo,D:\research\architectureSmells\repos1\tamasflamich_effort\Main\Source\Effort.Shared\Internal\TypeConversion\FacetInformation.cs,The tool detected the smell in this class because it contains only data members without any method implementation. Following fields and properties are declared in this class: Nullable' Identity' Computed' LimitedLength' MaxLength' FixedLength
Insufficient Modularization,Effort.Provider,EffortDataReader,D:\research\architectureSmells\repos1\tamasflamich_effort\Main\Source\Effort.Shared\Provider\EffortDataReader.cs,The tool detected the smell in this class becuase the class has bloated interface (large number of public methods). Total public methods in the class: 26 public methods
Rebellious Hierarchy,Effort.DataLoaders.Internal,InvalidFileProvider,D:\research\architectureSmells\repos1\tamasflamich_effort\Main\Source\Effort.Shared\DataLoaders\Internal\InvalidFileProvider.cs,The tool detected the smell in this class because method(s) of this class reject the methods provided by its supertypes. The method(s) that reject the suptertype's method are: GetFile
Rebellious Hierarchy,Effort.Internal.CommandActions,DeleteCommandAction,D:\research\architectureSmells\repos1\tamasflamich_effort\Main\Source\Effort.Shared\Internal\CommandActions\DeleteCommandAction.cs,The tool detected the smell in this class because method(s) of this class reject the methods provided by its supertypes. The method(s) that reject the suptertype's method are: ExecuteDataReader' ExecuteScalar
Rebellious Hierarchy,Effort.Internal.CommandActions,InsertCommandAction,D:\research\architectureSmells\repos1\tamasflamich_effort\Main\Source\Effort.Shared\Internal\CommandActions\InsertCommandAction.cs,The tool detected the smell in this class because method(s) of this class reject the methods provided by its supertypes. The method(s) that reject the suptertype's method are: ExecuteScalar
Unfactored Hierarchy,Effort.Internal.CommandActions,InsertCommandAction,D:\research\architectureSmells\repos1\tamasflamich_effort\Main\Source\Effort.Shared\Internal\CommandActions\InsertCommandAction.cs,The tool detected the smell because a set of code clones has been found where at least one pair of classes belong to the same inheritance hierarchy. List of classes with start and end line numbers where clones has been found are:  InsertCommandAction (D:\research\architectureSmells\repos1\tamasflamich_effort\Main\Source\Effort.Shared\Internal\CommandActions\InsertCommandAction.cs' [3' 34])' UpdateCommandAction (D:\research\architectureSmells\repos1\tamasflamich_effort\Main\Source\Effort.Shared\Internal\CommandActions\UpdateCommandAction.cs' [3' 34])
Rebellious Hierarchy,Effort.Internal.CommandActions,QueryCommandAction,D:\research\architectureSmells\repos1\tamasflamich_effort\Main\Source\Effort.Shared\Internal\CommandActions\QueryCommandAction.cs,The tool detected the smell in this class because method(s) of this class reject the methods provided by its supertypes. The method(s) that reject the suptertype's method are: ExecuteScalar' ExecuteNonQuery
Rebellious Hierarchy,Effort.Internal.CommandActions,UpdateCommandAction,D:\research\architectureSmells\repos1\tamasflamich_effort\Main\Source\Effort.Shared\Internal\CommandActions\UpdateCommandAction.cs,The tool detected the smell in this class because method(s) of this class reject the methods provided by its supertypes. The method(s) that reject the suptertype's method are: ExecuteScalar
Broken Hierarchy,Effort.Internal.Csv,MissingFieldCsvException,D:\research\architectureSmells\repos1\tamasflamich_effort\Main\Source\Effort.Shared\Internal\Csv\MissingFieldCsvException.cs,The tool detected a potential instance of the smell because this type does not implement or override any method from it's supertype(s): Effort.Internal.Csv.MalformedCsvException
Rebellious Hierarchy,Effort.Internal.DbCommandTreeTransformation,TransformVisitor,D:\research\architectureSmells\repos1\tamasflamich_effort\Main\Source\Effort.Shared\Internal\DbCommandTreeTransformation\TransformVisitor.And.cs,The tool detected the smell in this class because method(s) of this class reject the methods provided by its supertypes. The method(s) that reject the suptertype's method are: Visit' Visit' Visit' Visit' Visit' Visit' Visit' Visit' Visit' Visit
Rebellious Hierarchy,Effort.Internal.DbCommandTreeTransformation,TraversalVisitor,D:\research\architectureSmells\repos1\tamasflamich_effort\Main\Source\Effort.Shared\Internal\DbCommandTreeTransformation\TraversalVisitor.cs,The tool detected the smell in this class because method(s) of this class reject the methods provided by its supertypes. The method(s) that reject the suptertype's method are: Visit
Broken Hierarchy,Effort.Internal.DbManagement.Schema,DynamicBareSchema,D:\research\architectureSmells\repos1\tamasflamich_effort\Main\Source\Effort.Shared\Internal\DbManagement\Schema\DynamicBareSchema.cs,The tool detected a potential instance of the smell because this type does not implement or override any method from it's supertype(s): Effort.Internal.DbManagement.Schema.BareSchemaBase
Unfactored Hierarchy,Effort.Internal.StorageSchema,EntityTypePropertyElementSelector,D:\research\architectureSmells\repos1\tamasflamich_effort\Main\Source\Effort.Shared\Internal\StorageSchema\EntityTypePropertyElementSelector.cs,The tool detected the smell because a set of code clones has been found where at least one pair of classes belong to the same inheritance hierarchy. List of classes with start and end line numbers where clones has been found are:  EntityTypePropertyElementSelector (D:\research\architectureSmells\repos1\tamasflamich_effort\Main\Source\Effort.Shared\Internal\StorageSchema\EntityTypePropertyElementSelector.cs' [38' 58])' FunctionElementSelector (D:\research\architectureSmells\repos1\tamasflamich_effort\Main\Source\Effort.Shared\Internal\StorageSchema\FunctionElementSelector.cs' [37' 57])
Unfactored Hierarchy,Effort.Internal.StorageSchema,ProviderAttributeModifier,D:\research\architectureSmells\repos1\tamasflamich_effort\Main\Source\Effort.Shared\Internal\StorageSchema\ProviderAttributeModifier.cs,The tool detected the smell because a set of code clones has been found where at least one pair of classes belong to the same inheritance hierarchy. List of classes with start and end line numbers where clones has been found are:  ProviderAttributeModifier (D:\research\architectureSmells\repos1\tamasflamich_effort\Main\Source\Effort.Shared\Internal\StorageSchema\ProviderAttributeModifier.cs' [32' 51])' ProviderManifestTokenAttributeModifier (D:\research\architectureSmells\repos1\tamasflamich_effort\Main\Source\Effort.Shared\Internal\StorageSchema\ProviderManifestTokenAttributeModifier.cs' [32' 51])
Unfactored Hierarchy,Effort.Internal.StorageSchema,StorageSchemaV1Modifier,D:\research\architectureSmells\repos1\tamasflamich_effort\Main\Source\Effort.Shared\Internal\StorageSchema\StorageSchemaV1Modifier.cs,The tool detected the smell because a set of code clones has been found where at least one pair of classes belong to the same inheritance hierarchy. List of classes with start and end line numbers where clones has been found are:  StorageSchemaV1Modifier (D:\research\architectureSmells\repos1\tamasflamich_effort\Main\Source\Effort.Shared\Internal\StorageSchema\StorageSchemaV1Modifier.cs' [40' 60])' StorageSchemaV2Modifier (D:\research\architectureSmells\repos1\tamasflamich_effort\Main\Source\Effort.Shared\Internal\StorageSchema\StorageSchemaV2Modifier.cs' [40' 60])' StorageSchemaV3Modifier (D:\research\architectureSmells\repos1\tamasflamich_effort\Main\Source\Effort.Shared\Internal\StorageSchema\StorageSchemaV3Modifier.cs' [40' 60])
Unfactored Hierarchy,Effort.Internal.StorageSchema,StorageSchemaV1Modifier,D:\research\architectureSmells\repos1\tamasflamich_effort\Main\Source\Effort.Shared\Internal\StorageSchema\StorageSchemaV1Modifier.cs,The tool detected the smell because a set of code clones has been found where at least one pair of classes belong to the same inheritance hierarchy. List of classes with start and end line numbers where clones has been found are:  StorageSchemaV1Modifier (D:\research\architectureSmells\repos1\tamasflamich_effort\Main\Source\Effort.Shared\Internal\StorageSchema\StorageSchemaV1Modifier.cs' [62' 103])' StorageSchemaV2Modifier (D:\research\architectureSmells\repos1\tamasflamich_effort\Main\Source\Effort.Shared\Internal\StorageSchema\StorageSchemaV2Modifier.cs' [62' 103])
Unfactored Hierarchy,Effort.Internal.StorageSchema,StorageSchemaV1Modifier,D:\research\architectureSmells\repos1\tamasflamich_effort\Main\Source\Effort.Shared\Internal\StorageSchema\StorageSchemaV1Modifier.cs,The tool detected the smell because a set of code clones has been found where at least one pair of classes belong to the same inheritance hierarchy. List of classes with start and end line numbers where clones has been found are:  StorageSchemaV1Modifier (D:\research\architectureSmells\repos1\tamasflamich_effort\Main\Source\Effort.Shared\Internal\StorageSchema\StorageSchemaV1Modifier.cs' [80' 103])' StorageSchemaV3Modifier (D:\research\architectureSmells\repos1\tamasflamich_effort\Main\Source\Effort.Shared\Internal\StorageSchema\StorageSchemaV3Modifier.cs' [86' 109])' StorageSchemaV2Modifier (D:\research\architectureSmells\repos1\tamasflamich_effort\Main\Source\Effort.Shared\Internal\StorageSchema\StorageSchemaV2Modifier.cs' [80' 103])
Rebellious Hierarchy,Effort.Provider,EffortCommand,D:\research\architectureSmells\repos1\tamasflamich_effort\Main\Source\Effort.Shared\Provider\EffortCommand.cs,The tool detected the smell in this class because method(s) of this class reject the methods provided by its supertypes. The method(s) that reject the suptertype's method are: ExecuteDbDataReader' ExecuteScalar
Rebellious Hierarchy,Effort.Provider,EffortCommandBase,D:\research\architectureSmells\repos1\tamasflamich_effort\Main\Source\Effort.Shared\Provider\EffortCommandBase.cs,The tool detected the smell in this class because method(s) of this class reject the methods provided by its supertypes. The method(s) that reject the suptertype's method are: ExecuteNonQuery' ExecuteScalar' Prepare' Cancel' ExecuteDbDataReader
Rebellious Hierarchy,Effort.Provider,EffortConnection,D:\research\architectureSmells\repos1\tamasflamich_effort\Main\Source\Effort.Shared\Provider\EffortConnection.cs,The tool detected the smell in this class because method(s) of this class reject the methods provided by its supertypes. The method(s) that reject the suptertype's method are: ChangeDatabase' EnlistTransaction
Rebellious Hierarchy,Effort.Provider,EffortDataReader,D:\research\architectureSmells\repos1\tamasflamich_effort\Main\Source\Effort.Shared\Provider\EffortDataReader.cs,The tool detected the smell in this class because method(s) of this class reject the methods provided by its supertypes. The method(s) that reject the suptertype's method are: GetBytes' GetChar' GetChars' GetOrdinal' GetEnumerator' GetSchemaTable
Rebellious Hierarchy,Effort.Provider,EffortParameter,D:\research\architectureSmells\repos1\tamasflamich_effort\Main\Source\Effort.Shared\Provider\EffortParameter.cs,The tool detected the smell in this class because method(s) of this class reject the methods provided by its supertypes. The method(s) that reject the suptertype's method are: ResetDbType
Rebellious Hierarchy,Effort.Provider,EffortParameterCollection,D:\research\architectureSmells\repos1\tamasflamich_effort\Main\Source\Effort.Shared\Provider\EffortParameterCollection.cs,The tool detected the smell in this class because method(s) of this class reject the methods provided by its supertypes. The method(s) that reject the suptertype's method are: SetParameter' SetParameter
Rebellious Hierarchy,Effort.Provider,EffortProviderManifest,D:\research\architectureSmells\repos1\tamasflamich_effort\Main\Source\Effort.Shared\Provider\EffortProviderManifest.cs,The tool detected the smell in this class because method(s) of this class reject the methods provided by its supertypes. The method(s) that reject the suptertype's method are: GetDbInformation
