Design smell,Namespace,Class,File,Cause
Unutilized Abstraction,Coevery.Core.Common.Controllers,ErrorController,D:\research\architectureSmells\repos\Coevery_Coevery\src\Coevery.Web\Core\Common\Controllers\ErrorController.cs,The tool detected the smell in this class because this class is potentially unused.   (Please ignore the smell if the reported class is auto-generated and/or used to serve a specific known purpose.)
Unnecessary Abstraction,Coevery.Core.Common.DateEditor,DateEditorSettings,D:\research\architectureSmells\repos\Coevery_Coevery\src\Coevery.Web\Core\Common\DateEditor\DateEditorSettings.cs,The tool detected the smell in this class because the class contains only a few data members without any method implementation' that indicates that the abstraction might not be required. Following fields and properties are declared in this class: ShowDateEditor
Unutilized Abstraction,Coevery.Core.Common.DateEditor,DateEditorDriver,D:\research\architectureSmells\repos\Coevery_Coevery\src\Coevery.Web\Core\Common\DateEditor\DateEditorDriver.cs,The tool detected the smell in this class because this class is potentially unused.   (Please ignore the smell if the reported class is auto-generated and/or used to serve a specific known purpose.)
Unnecessary Abstraction,Coevery.Core.Common.DateEditor,DateEditorViewModel,D:\research\architectureSmells\repos\Coevery_Coevery\src\Coevery.Web\Core\Common\DateEditor\DateEditorViewModel.cs,The tool detected the smell in this class because the class contains only a few data members without any method implementation' that indicates that the abstraction might not be required. Following fields and properties are declared in this class: CreatedDate' CreatedTime
Unutilized Abstraction,Coevery.Core.Common.Drivers,DynamicContentsDriver<TContent>,D:\research\architectureSmells\repos\Coevery_Coevery\src\Coevery.Web\Core\Common\Drivers\DynamicContentsDriver.cs,The tool detected the smell in this class because this class is potentially unused.   (Please ignore the smell if the reported class is auto-generated and/or used to serve a specific known purpose.)
Unutilized Abstraction,Coevery.Core.Common.Drivers,DynamicRelationshipPartDriver<TPrimaryPart;TContentLinkRecord>,D:\research\architectureSmells\repos\Coevery_Coevery\src\Coevery.Web\Core\Common\Drivers\DynamicRelationshipPartDriver.cs,The tool detected the smell in this class because this class is potentially unused.   (Please ignore the smell if the reported class is auto-generated and/or used to serve a specific known purpose.)
Unutilized Abstraction,Coevery.Core.Common.Drivers,IdentityPartDriver,D:\research\architectureSmells\repos\Coevery_Coevery\src\Coevery.Web\Core\Common\Drivers\IdentityPartDriver.cs,The tool detected the smell in this class because this class is potentially unused.   (Please ignore the smell if the reported class is auto-generated and/or used to serve a specific known purpose.)
Unutilized Abstraction,Coevery.Core.Common.Drivers,BodyPartDriver,D:\research\architectureSmells\repos\Coevery_Coevery\src\Coevery.Web\Core\Common\Drivers\BodyPartDriver.cs,The tool detected the smell in this class because this class is potentially unused.   (Please ignore the smell if the reported class is auto-generated and/or used to serve a specific known purpose.)
Unutilized Abstraction,Coevery.Core.Common.Drivers,CommonPartDriver,D:\research\architectureSmells\repos\Coevery_Coevery\src\Coevery.Web\Core\Common\Drivers\CommonPartDriver.cs,The tool detected the smell in this class because this class is potentially unused.   (Please ignore the smell if the reported class is auto-generated and/or used to serve a specific known purpose.)
Feature Envy,Coevery.Core.Common.Handlers,CommonPartHandler,D:\research\architectureSmells\repos\Coevery_Coevery\src\Coevery.Web\Core\Common\Handlers\CommonPartHandler.cs,The tool detected the smell because a method in this type accesses members from another type more than the members from its own type. The method causing this smell is: LazyLoadHandlers which is more interested in members of the type: IContentManager
Unnecessary Abstraction,Coevery.Core.Common.Models,ContentLinkRecord,D:\research\architectureSmells\repos\Coevery_Coevery\src\Coevery.Web\Core\Common\Models\ContentLinkRecord.cs,The tool detected the smell in this class because the class contains only a few data members without any method implementation' that indicates that the abstraction might not be required. Following fields and properties are declared in this class: Id' PrimaryPartRecord' RelatedPartRecord
Unnecessary Abstraction,Coevery.Core.Common.Models,CommonPartVersionRecord,D:\research\architectureSmells\repos\Coevery_Coevery\src\Coevery.Web\Core\Common\Models\CommonPartVersionRecord.cs,The tool detected the smell in this class because the class contains only a few data members without any method implementation' that indicates that the abstraction might not be required. Following fields and properties are declared in this class: CreatedUtc' PublishedUtc' ModifiedUtc
Unnecessary Abstraction,Coevery.Core.Common.Models,IdentityPartRecord,D:\research\architectureSmells\repos\Coevery_Coevery\src\Coevery.Web\Core\Common\Models\IdentityPartRecord.cs,The tool detected the smell in this class because the class contains only a few data members without any method implementation' that indicates that the abstraction might not be required. Following fields and properties are declared in this class: Identifier
Unnecessary Abstraction,Coevery.Core.Common.Models,IdentityPart,D:\research\architectureSmells\repos\Coevery_Coevery\src\Coevery.Web\Core\Common\Models\IdentityPart.cs,The tool detected the smell in this class because the class contains only a few data members without any method implementation' that indicates that the abstraction might not be required. Following fields and properties are declared in this class: Identifier
Unnecessary Abstraction,Coevery.Core.Common.Models,BodyPart,D:\research\architectureSmells\repos\Coevery_Coevery\src\Coevery.Web\Core\Common\Models\BodyPart.cs,The tool detected the smell in this class because the class contains only a few data members without any method implementation' that indicates that the abstraction might not be required. Following fields and properties are declared in this class: Text
Unnecessary Abstraction,Coevery.Core.Common.Models,BodyPartRecord,D:\research\architectureSmells\repos\Coevery_Coevery\src\Coevery.Web\Core\Common\Models\BodyPartRecord.cs,The tool detected the smell in this class because the class contains only a few data members without any method implementation' that indicates that the abstraction might not be required. Following fields and properties are declared in this class: Text' Format
Unnecessary Abstraction,Coevery.Core.Common.Models,CommonPartRecord,D:\research\architectureSmells\repos\Coevery_Coevery\src\Coevery.Web\Core\Common\Models\CommonPartRecord.cs,The tool detected the smell in this class because the class contains only a few data members without any method implementation' that indicates that the abstraction might not be required. Following fields and properties are declared in this class: OwnerId' Container' CreatedUtc' PublishedUtc' ModifiedUtc
Unutilized Abstraction,Coevery.Core.Common.OwnerEditor,OwnerEditorDriver,D:\research\architectureSmells\repos\Coevery_Coevery\src\Coevery.Web\Core\Common\OwnerEditor\OwnerEditorDriver.cs,The tool detected the smell in this class because this class is potentially unused.   (Please ignore the smell if the reported class is auto-generated and/or used to serve a specific known purpose.)
Unnecessary Abstraction,Coevery.Core.Common.OwnerEditor,OwnerEditorViewModel,D:\research\architectureSmells\repos\Coevery_Coevery\src\Coevery.Web\Core\Common\OwnerEditor\OwnerEditorViewModel.cs,The tool detected the smell in this class because the class contains only a few data members without any method implementation' that indicates that the abstraction might not be required. Following fields and properties are declared in this class: Owner
Duplicate Abstraction,Coevery.Core.Common,ResourceManifest,D:\research\architectureSmells\repos\Coevery_Coevery\src\Coevery.Web\Core\Common\ResourceManifest.cs,The tool detected the smell in this class because two or more abstractions have identical names. The abstractions with identical names are: Coevery.Core.Common.ResourceManifest' Coevery.Core.Settings.ResourceManifest' Coevery.Core.Shapes.ResourceManifest
Duplicate Abstraction,Coevery.Core.Common,Routes,D:\research\architectureSmells\repos\Coevery_Coevery\src\Coevery.Web\Core\Common\Routes.cs,The tool detected the smell in this class because two or more abstractions have identical names. The abstractions with identical names are: Coevery.Core.Common.Routes' Coevery.Core.Reports.Routes' Coevery.Core.Dashboard.Routes' Coevery.Core.Feeds.Rss.Routes' Coevery.Core.Settings.Routes
Duplicate Abstraction,Coevery.Core.Common,Migrations,D:\research\architectureSmells\repos\Coevery_Coevery\src\Coevery.Web\Core\Common\Migrations.cs,The tool detected the smell in this class because two or more abstractions have identical names. The abstractions with identical names are: Coevery.Core.Common.Migrations' Coevery.Core.Containers.Migrations' Coevery.Core.Navigation.Migrations' Coevery.Core.Scheduling.Migrations' Coevery.Core.Settings.Migrations' Coevery.Core.Title.Migrations
Feature Envy,Coevery.Core.Common,Migrations,D:\research\architectureSmells\repos\Coevery_Coevery\src\Coevery.Web\Core\Common\Migrations.cs,The tool detected the smell because a method in this type accesses members from another type more than the members from its own type. The method causing this smell is: UpdateFrom3 which is more interested in members of the type: IRepository
Duplicate Abstraction,Coevery.Core.Common,Shapes,D:\research\architectureSmells\repos\Coevery_Coevery\src\Coevery.Web\Core\Common\Shapes.cs,The tool detected the smell in this class because two or more abstractions have identical names. The abstractions with identical names are: Coevery.Core.Common.Shapes' Coevery.Core.Contents.Shapes
Feature Envy,Coevery.Core.Common.Services,IdentifierResolverSelector,D:\research\architectureSmells\repos\Coevery_Coevery\src\Coevery.Web\Core\Common\Services\IdentifierResolverSelector.cs,The tool detected the smell because a method in this type accesses members from another type more than the members from its own type. The method causing this smell is: ResolveIdentity which is more interested in members of the type: IContentManager
Unnecessary Abstraction,Coevery.Core.Common.ViewModels,EditRelationshipViewModel,D:\research\architectureSmells\repos\Coevery_Coevery\src\Coevery.Web\Core\Common\ViewModels\EditRelationshipViewModel.cs,The tool detected the smell in this class because the class contains only a few data members without any method implementation' that indicates that the abstraction might not be required. Following fields and properties are declared in this class: Links' SelectedIds' DisplayName
Unnecessary Abstraction,Coevery.Core.Common.ViewModels,GridRowSortSettingViewModel,D:\research\architectureSmells\repos\Coevery_Coevery\src\Coevery.Web\Core\Common\ViewModels\GridRowSortSettingViewModel.cs,The tool detected the smell in this class because the class contains only a few data members without any method implementation' that indicates that the abstraction might not be required. Following fields and properties are declared in this class: Url' Method' Handler
Unutilized Abstraction,Coevery.Core.Common.ViewModels,GridRowSortSettingViewModel,D:\research\architectureSmells\repos\Coevery_Coevery\src\Coevery.Web\Core\Common\ViewModels\GridRowSortSettingViewModel.cs,The tool detected the smell in this class because this class is potentially unused.   (Please ignore the smell if the reported class is auto-generated and/or used to serve a specific known purpose.)
Unnecessary Abstraction,Coevery.Core.Common.ViewModels,PicklistItemViewModel,D:\research\architectureSmells\repos\Coevery_Coevery\src\Coevery.Web\Core\Common\ViewModels\PicklistItemViewModel.cs,The tool detected the smell in this class because the class contains only a few data members without any method implementation' that indicates that the abstraction might not be required. Following fields and properties are declared in this class: Value' Text' Selected' Order
Unutilized Abstraction,Coevery.Core.Common.ViewModels,PicklistItemViewModel,D:\research\architectureSmells\repos\Coevery_Coevery\src\Coevery.Web\Core\Common\ViewModels\PicklistItemViewModel.cs,The tool detected the smell in this class because this class is potentially unused.   (Please ignore the smell if the reported class is auto-generated and/or used to serve a specific known purpose.)
Unnecessary Abstraction,Coevery.Core.Common.ViewModels,ContainerEditorViewModel,D:\research\architectureSmells\repos\Coevery_Coevery\src\Coevery.Web\Core\Common\ViewModels\ContainerEditorViewModel.cs,The tool detected the smell in this class because the class contains only a few data members without any method implementation' that indicates that the abstraction might not be required. Following fields and properties are declared in this class: ContainerId
Unnecessary Abstraction,Coevery.Core.Common.ViewModels,BodyEditorViewModel,D:\research\architectureSmells\repos\Coevery_Coevery\src\Coevery.Web\Core\Common\ViewModels\BodyEditorViewModel.cs,The tool detected the smell in this class because the class contains only a few data members without any method implementation' that indicates that the abstraction might not be required. Following fields and properties are declared in this class: BodyPart' Text' Format' EditorFlavor' AddMediaPath
Unutilized Abstraction,Coevery.Core.Containers.Controllers,ItemController,D:\research\architectureSmells\repos\Coevery_Coevery\src\Coevery.Web\Core\Containers\Controllers\ItemController.cs,The tool detected the smell in this class because this class is potentially unused.   (Please ignore the smell if the reported class is auto-generated and/or used to serve a specific known purpose.)
Duplicate Abstraction,Coevery.Core.Containers.Controllers,ItemController,D:\research\architectureSmells\repos\Coevery_Coevery\src\Coevery.Web\Core\Containers\Controllers\ItemController.cs,The tool detected the smell in this class because two or more abstractions have identical names. The abstractions with identical names are: Coevery.Core.Containers.Controllers.ItemController' Coevery.Core.Contents.Controllers.ItemController
Feature Envy,Coevery.Core.Containers.Controllers,ItemController,D:\research\architectureSmells\repos\Coevery_Coevery\src\Coevery.Web\Core\Containers\Controllers\ItemController.cs,The tool detected the smell because a method in this type accesses members from another type more than the members from its own type. The method causing this smell is: Display which is more interested in members of the type: IContentManager
Unutilized Abstraction,Coevery.Core.Containers.Drivers,ContainablePartDriver,D:\research\architectureSmells\repos\Coevery_Coevery\src\Coevery.Web\Core\Containers\Drivers\ContainablePartDriver.cs,The tool detected the smell in this class because this class is potentially unused.   (Please ignore the smell if the reported class is auto-generated and/or used to serve a specific known purpose.)
Unutilized Abstraction,Coevery.Core.Containers.Drivers,ContainerPartDriver,D:\research\architectureSmells\repos\Coevery_Coevery\src\Coevery.Web\Core\Containers\Drivers\ContainerPartDriver.cs,The tool detected the smell in this class because this class is potentially unused.   (Please ignore the smell if the reported class is auto-generated and/or used to serve a specific known purpose.)
Unutilized Abstraction,Coevery.Core.Containers.Drivers,ContainerWidgetPartDriver,D:\research\architectureSmells\repos\Coevery_Coevery\src\Coevery.Web\Core\Containers\Drivers\ContainerWidgetPartDriver.cs,The tool detected the smell in this class because this class is potentially unused.   (Please ignore the smell if the reported class is auto-generated and/or used to serve a specific known purpose.)
Unutilized Abstraction,Coevery.Core.Containers.Drivers,CustomPropertiesPartDriver,D:\research\architectureSmells\repos\Coevery_Coevery\src\Coevery.Web\Core\Containers\Drivers\CustomPropertiesDriver.cs,The tool detected the smell in this class because this class is potentially unused.   (Please ignore the smell if the reported class is auto-generated and/or used to serve a specific known purpose.)
Unutilized Abstraction,Coevery.Core.Containers.Extensions,ContentQueryExtensions,D:\research\architectureSmells\repos\Coevery_Coevery\src\Coevery.Web\Core\Containers\Extensions\ContentQueryExtensions.cs,The tool detected the smell in this class because this class is potentially unused.   (Please ignore the smell if the reported class is auto-generated and/or used to serve a specific known purpose.)
Unnecessary Abstraction,Coevery.Core.Containers.Models,ContainablePart,D:\research\architectureSmells\repos\Coevery_Coevery\src\Coevery.Web\Core\Containers\Models\ContainablePart.cs,The tool detected the smell in this class because the class contains only a few data members without any method implementation' that indicates that the abstraction might not be required. Following fields and properties are declared in this class: Weight
Unnecessary Abstraction,Coevery.Core.Containers.Models,ContainablePartRecord,D:\research\architectureSmells\repos\Coevery_Coevery\src\Coevery.Web\Core\Containers\Models\ContainablePart.cs,The tool detected the smell in this class because the class contains only a few data members without any method implementation' that indicates that the abstraction might not be required. Following fields and properties are declared in this class: Weight
Unnecessary Abstraction,Coevery.Core.Containers.Models,ContainerWidgetPart,D:\research\architectureSmells\repos\Coevery_Coevery\src\Coevery.Web\Core\Containers\Models\ContainerWidgetPart.cs,The tool detected the smell in this class because the class contains only a few data members without any method implementation' that indicates that the abstraction might not be required. Following fields and properties are declared in this class: 
Unnecessary Abstraction,Coevery.Core.Containers.Models,CustomPropertiesPart,D:\research\architectureSmells\repos\Coevery_Coevery\src\Coevery.Web\Core\Containers\Models\CustomPropertiesPart.cs,The tool detected the smell in this class because the class contains only a few data members without any method implementation' that indicates that the abstraction might not be required. Following fields and properties are declared in this class: 
Unnecessary Abstraction,Coevery.Core.Containers.Models,CustomPropertiesPartRecord,D:\research\architectureSmells\repos\Coevery_Coevery\src\Coevery.Web\Core\Containers\Models\CustomPropertiesPart.cs,The tool detected the smell in this class because the class contains only a few data members without any method implementation' that indicates that the abstraction might not be required. Following fields and properties are declared in this class: CustomOne' CustomTwo' CustomThree
Unnecessary Abstraction,Coevery.Core.Containers.Settings,ContainerTypePartSettings,D:\research\architectureSmells\repos\Coevery_Coevery\src\Coevery.Web\Core\Containers\Settings\ContainerSettings.cs,The tool detected the smell in this class because the class contains only a few data members without any method implementation' that indicates that the abstraction might not be required. Following fields and properties are declared in this class: PageSizeDefault' PaginatedDefault
Unnecessary Abstraction,Coevery.Core.Containers.ViewModels,ContainableViewModel,D:\research\architectureSmells\repos\Coevery_Coevery\src\Coevery.Web\Core\Containers\ViewModels\ContainableViewModel.cs,The tool detected the smell in this class because the class contains only a few data members without any method implementation' that indicates that the abstraction might not be required. Following fields and properties are declared in this class: ContainerId' AvailableContainers' Weight
Unnecessary Abstraction,Coevery.Core.Containers.ViewModels,ContainerWidgetViewModel,D:\research\architectureSmells\repos\Coevery_Coevery\src\Coevery.Web\Core\Containers\ViewModels\ContainerWidgetViewModel.cs,The tool detected the smell in this class because the class contains only a few data members without any method implementation' that indicates that the abstraction might not be required. Following fields and properties are declared in this class: UseFilter' AvailableContainers' Part
Unnecessary Abstraction,Coevery.Core.Containers.ViewModels,ContainerViewModel,D:\research\architectureSmells\repos\Coevery_Coevery\src\Coevery.Web\Core\Containers\ViewModels\ContainerViewModel.cs,The tool detected the smell in this class because the class contains only a few data members without any method implementation' that indicates that the abstraction might not be required. Following fields and properties are declared in this class: Part' AvailableContainables
Duplicate Abstraction,Coevery.Core.Contents,Permissions,D:\research\architectureSmells\repos\Coevery_Coevery\src\Coevery.Web\Core\Contents\Permissions.cs,The tool detected the smell in this class because two or more abstractions have identical names. The abstractions with identical names are: Coevery.Core.Contents.Permissions' Coevery.Core.Navigation.Permissions
Duplicate Abstraction,Coevery.Core.Contents,AdminMenu,D:\research\architectureSmells\repos\Coevery_Coevery\src\Coevery.Web\Core\Contents\AdminMenu.cs,The tool detected the smell in this class because two or more abstractions have identical names. The abstractions with identical names are: Coevery.Core.Contents.AdminMenu' Coevery.Core.Reports.AdminMenu' Coevery.Core.Navigation.AdminMenu' Coevery.Core.Dashboard.AdminMenu' Coevery.Core.Settings.AdminMenu
Unnecessary Abstraction,Coevery.Core.Common.Settings,BodyPartSettings,D:\research\architectureSmells\repos\Coevery_Coevery\src\Coevery.Web\Core\Common\Settings\BodySettings.cs,The tool detected the smell in this class because the class contains only a few data members without any method implementation' that indicates that the abstraction might not be required. Following fields and properties are declared in this class: FlavorDefault' FlavorDefaultDefault' _flavorDefault
Unnecessary Abstraction,Coevery.Core.Common.Settings,BodyTypePartSettings,D:\research\architectureSmells\repos\Coevery_Coevery\src\Coevery.Web\Core\Common\Settings\BodySettings.cs,The tool detected the smell in this class because the class contains only a few data members without any method implementation' that indicates that the abstraction might not be required. Following fields and properties are declared in this class: Flavor
Unutilized Abstraction,Coevery.Core.Contents.Controllers,ItemController,D:\research\architectureSmells\repos\Coevery_Coevery\src\Coevery.Web\Core\Contents\Controllers\ItemController.cs,The tool detected the smell in this class because this class is potentially unused.   (Please ignore the smell if the reported class is auto-generated and/or used to serve a specific known purpose.)
Feature Envy,Coevery.Core.Contents.Controllers,ItemController,D:\research\architectureSmells\repos\Coevery_Coevery\src\Coevery.Web\Core\Contents\Controllers\ItemController.cs,The tool detected the smell because a method in this type accesses members from another type more than the members from its own type. The method causing this smell is: Display which is more interested in members of the type: IContentManager
Feature Envy,Coevery.Core.Contents.Controllers,ItemController,D:\research\architectureSmells\repos\Coevery_Coevery\src\Coevery.Web\Core\Contents\Controllers\ItemController.cs,The tool detected the smell because a method in this type accesses members from another type more than the members from its own type. The method causing this smell is: Preview which is more interested in members of the type: IContentManager
Duplicate Abstraction,Coevery.Core.Contents.Controllers,AdminController,D:\research\architectureSmells\repos\Coevery_Coevery\src\Coevery.Web\Core\Contents\Controllers\AdminController.cs,The tool detected the smell in this class because two or more abstractions have identical names. The abstractions with identical names are: Coevery.Core.Contents.Controllers.AdminController' Coevery.Core.Reports.Controllers.AdminController' Coevery.Core.Dashboard.Controllers.AdminController' Coevery.Core.Navigation.Controllers.AdminController' Coevery.Core.Settings.Controllers.AdminController
Feature Envy,Coevery.Core.Contents.Controllers,AdminController,D:\research\architectureSmells\repos\Coevery_Coevery\src\Coevery.Web\Core\Contents\Controllers\AdminController.cs,The tool detected the smell because a method in this type accesses members from another type more than the members from its own type. The method causing this smell is: ListPOST which is more interested in members of the type: IContentManager
Feature Envy,Coevery.Core.Contents.Controllers,AdminController,D:\research\architectureSmells\repos\Coevery_Coevery\src\Coevery.Web\Core\Contents\Controllers\AdminController.cs,The tool detected the smell because a method in this type accesses members from another type more than the members from its own type. The method causing this smell is: Create which is more interested in members of the type: IContentManager
Feature Envy,Coevery.Core.Contents.Controllers,AdminController,D:\research\architectureSmells\repos\Coevery_Coevery\src\Coevery.Web\Core\Contents\Controllers\AdminController.cs,The tool detected the smell because a method in this type accesses members from another type more than the members from its own type. The method causing this smell is: CreatePOST which is more interested in members of the type: IContentManager
Feature Envy,Coevery.Core.Contents.Controllers,AdminController,D:\research\architectureSmells\repos\Coevery_Coevery\src\Coevery.Web\Core\Contents\Controllers\AdminController.cs,The tool detected the smell because a method in this type accesses members from another type more than the members from its own type. The method causing this smell is: Edit which is more interested in members of the type: IContentManager
Feature Envy,Coevery.Core.Contents.Controllers,AdminController,D:\research\architectureSmells\repos\Coevery_Coevery\src\Coevery.Web\Core\Contents\Controllers\AdminController.cs,The tool detected the smell because a method in this type accesses members from another type more than the members from its own type. The method causing this smell is: Remove which is more interested in members of the type: IContentManager
Feature Envy,Coevery.Core.Contents.Controllers,AdminController,D:\research\architectureSmells\repos\Coevery_Coevery\src\Coevery.Web\Core\Contents\Controllers\AdminController.cs,The tool detected the smell because a method in this type accesses members from another type more than the members from its own type. The method causing this smell is: Publish which is more interested in members of the type: IContentManager
Feature Envy,Coevery.Core.Contents.Controllers,AdminController,D:\research\architectureSmells\repos\Coevery_Coevery\src\Coevery.Web\Core\Contents\Controllers\AdminController.cs,The tool detected the smell because a method in this type accesses members from another type more than the members from its own type. The method causing this smell is: Unpublish which is more interested in members of the type: IContentManager
Unutilized Abstraction,Coevery.Core.Contents.Controllers,FormValueRequiredAttribute,D:\research\architectureSmells\repos\Coevery_Coevery\src\Coevery.Web\Core\Contents\Controllers\AdminController.cs,The tool detected the smell in this class because this class is potentially unused.   (Please ignore the smell if the reported class is auto-generated and/or used to serve a specific known purpose.)
Unutilized Abstraction,Coevery.Core.Contents.Drivers,ContentsDriver,D:\research\architectureSmells\repos\Coevery_Coevery\src\Coevery.Web\Core\Contents\Drivers\ContentsDriver.cs,The tool detected the smell in this class because this class is potentially unused.   (Please ignore the smell if the reported class is auto-generated and/or used to serve a specific known purpose.)
Unutilized Abstraction,Coevery.Core.Contents.Extensions,MetaDataExtensions,D:\research\architectureSmells\repos\Coevery_Coevery\src\Coevery.Web\Core\Contents\Extensions\MetaDataExtensions.cs,The tool detected the smell in this class because this class is potentially unused.   (Please ignore the smell if the reported class is auto-generated and/or used to serve a specific known purpose.)
Unnecessary Abstraction,Coevery.Core.Contents.Settings,ContentTypeSettings,D:\research\architectureSmells\repos\Coevery_Coevery\src\Coevery.Web\Core\Contents\Settings\ContentTypeSettings.cs,The tool detected the smell in this class because the class contains only a few data members without any method implementation' that indicates that the abstraction might not be required. Following fields and properties are declared in this class: Creatable' Draftable' Stereotype
Unnecessary Abstraction,Coevery.Core.Contents.Settings,ContentPartSettings,D:\research\architectureSmells\repos\Coevery_Coevery\src\Coevery.Web\Core\Contents\Settings\ContentPartSettings.cs,The tool detected the smell in this class because the class contains only a few data members without any method implementation' that indicates that the abstraction might not be required. Following fields and properties are declared in this class: Attachable' Description
Unutilized Abstraction,Coevery.Core.Contents.Settings,ContentPartSettings,D:\research\architectureSmells\repos\Coevery_Coevery\src\Coevery.Web\Core\Contents\Settings\ContentPartSettings.cs,The tool detected the smell in this class because this class is potentially unused.   (Please ignore the smell if the reported class is auto-generated and/or used to serve a specific known purpose.)
Unutilized Abstraction,Coevery.Core.Contents.ViewModels,PublishContentViewModel,D:\research\architectureSmells\repos\Coevery_Coevery\src\Coevery.Web\Core\Contents\ViewModels\PublishContentViewModel.cs,The tool detected the smell in this class because this class is potentially unused.   (Please ignore the smell if the reported class is auto-generated and/or used to serve a specific known purpose.)
Unnecessary Abstraction,Coevery.Core.Contents.ViewModels,Entry,D:\research\architectureSmells\repos\Coevery_Coevery\src\Coevery.Web\Core\Contents\ViewModels\ListContentsViewModel.cs,The tool detected the smell in this class because the class contains only a few data members without any method implementation' that indicates that the abstraction might not be required. Following fields and properties are declared in this class: ContentItem' ContentItemMetadata
Unnecessary Abstraction,Coevery.Core.Contents.ViewModels,ListContentTypesViewModel,D:\research\architectureSmells\repos\Coevery_Coevery\src\Coevery.Web\Core\Contents\ViewModels\ListContentTypesViewModel.cs,The tool detected the smell in this class because the class contains only a few data members without any method implementation' that indicates that the abstraction might not be required. Following fields and properties are declared in this class: Types
Unutilized Abstraction,Coevery.Core.Contents.ViewModels,ListContentTypesViewModel,D:\research\architectureSmells\repos\Coevery_Coevery\src\Coevery.Web\Core\Contents\ViewModels\ListContentTypesViewModel.cs,The tool detected the smell in this class because this class is potentially unused.   (Please ignore the smell if the reported class is auto-generated and/or used to serve a specific known purpose.)
Unutilized Abstraction,Coevery.Core.Navigation.Drivers,AdminMenuPartDriver,D:\research\architectureSmells\repos\Coevery_Coevery\src\Coevery.Web\Core\Navigation\Drivers\AdminMenuPartDriver.cs,The tool detected the smell in this class because this class is potentially unused.   (Please ignore the smell if the reported class is auto-generated and/or used to serve a specific known purpose.)
Unutilized Abstraction,Coevery.Core.Navigation.Drivers,MenuItemPartDriver,D:\research\architectureSmells\repos\Coevery_Coevery\src\Coevery.Web\Core\Navigation\Drivers\MenuItemPartDriver.cs,The tool detected the smell in this class because this class is potentially unused.   (Please ignore the smell if the reported class is auto-generated and/or used to serve a specific known purpose.)
Unutilized Abstraction,Coevery.Core.Navigation.Drivers,MenuWidgetPartDriver,D:\research\architectureSmells\repos\Coevery_Coevery\src\Coevery.Web\Core\Navigation\Drivers\MenuWidgetPartDriver.cs,The tool detected the smell in this class because this class is potentially unused.   (Please ignore the smell if the reported class is auto-generated and/or used to serve a specific known purpose.)
Unutilized Abstraction,Coevery.Core.Navigation.Drivers,ShapeMenuItemPartDriver,D:\research\architectureSmells\repos\Coevery_Coevery\src\Coevery.Web\Core\Navigation\Drivers\ShapeMenuItemPartDriver.cs,The tool detected the smell in this class because this class is potentially unused.   (Please ignore the smell if the reported class is auto-generated and/or used to serve a specific known purpose.)
Unutilized Abstraction,Coevery.Core.Navigation.Drivers,MenuPartDriver,D:\research\architectureSmells\repos\Coevery_Coevery\src\Coevery.Web\Core\Navigation\Drivers\MenuPartDriver.cs,The tool detected the smell in this class because this class is potentially unused.   (Please ignore the smell if the reported class is auto-generated and/or used to serve a specific known purpose.)
Unnecessary Abstraction,Coevery.Core.Navigation.Models,AdminMenuPart,D:\research\architectureSmells\repos\Coevery_Coevery\src\Coevery.Web\Core\Navigation\Models\AdminMenuPart.cs,The tool detected the smell in this class because the class contains only a few data members without any method implementation' that indicates that the abstraction might not be required. Following fields and properties are declared in this class: OnAdminMenu' AdminMenuText' AdminMenuPosition
Unnecessary Abstraction,Coevery.Core.Navigation.Models,AdminMenuPartRecord,D:\research\architectureSmells\repos\Coevery_Coevery\src\Coevery.Web\Core\Navigation\Models\AdminMenuPartRecord.cs,The tool detected the smell in this class because the class contains only a few data members without any method implementation' that indicates that the abstraction might not be required. Following fields and properties are declared in this class: AdminMenuText' AdminMenuPosition' OnAdminMenu' DefaultMenuTextLength
Unnecessary Abstraction,Coevery.Core.Navigation.Models,ShapeMenuItemPart,D:\research\architectureSmells\repos\Coevery_Coevery\src\Coevery.Web\Core\Navigation\Models\ShapeMenuItemPart.cs,The tool detected the smell in this class because the class contains only a few data members without any method implementation' that indicates that the abstraction might not be required. Following fields and properties are declared in this class: ShapeType
Unnecessary Abstraction,Coevery.Core.Navigation.Models,ShapeMenuItemPartRecord,D:\research\architectureSmells\repos\Coevery_Coevery\src\Coevery.Web\Core\Navigation\Models\ShapeMenuItemPartRecord.cs,The tool detected the smell in this class because the class contains only a few data members without any method implementation' that indicates that the abstraction might not be required. Following fields and properties are declared in this class: ShapeType
Unnecessary Abstraction,Coevery.Core.Navigation.Models,MenuItemPart,D:\research\architectureSmells\repos\Coevery_Coevery\src\Coevery.Web\Core\Navigation\Models\MenuItemPart.cs,The tool detected the smell in this class because the class contains only a few data members without any method implementation' that indicates that the abstraction might not be required. Following fields and properties are declared in this class: Url
Unnecessary Abstraction,Coevery.Core.Navigation.Models,MenuItemPartRecord,D:\research\architectureSmells\repos\Coevery_Coevery\src\Coevery.Web\Core\Navigation\Models\MenuItemPartRecord.cs,The tool detected the smell in this class because the class contains only a few data members without any method implementation' that indicates that the abstraction might not be required. Following fields and properties are declared in this class: Url
Unnecessary Abstraction,Coevery.Core.Navigation.Models,MenuPartRecord,D:\research\architectureSmells\repos\Coevery_Coevery\src\Coevery.Web\Core\Navigation\Models\MenuPartRecord.cs,The tool detected the smell in this class because the class contains only a few data members without any method implementation' that indicates that the abstraction might not be required. Following fields and properties are declared in this class: MenuText' MenuPosition' MenuId' Description' DefaultMenuTextLength
Unnecessary Abstraction,Coevery.Core.Navigation.Services,MenuItemDescriptor,D:\research\architectureSmells\repos\Coevery_Coevery\src\Coevery.Web\Core\Navigation\Services\IMenuManager.cs,The tool detected the smell in this class because the class contains only a few data members without any method implementation' that indicates that the abstraction might not be required. Following fields and properties are declared in this class: Type' DisplayName' Description
Unnecessary Abstraction,Coevery.Core.Navigation.Settings,AdminMenuPartTypeSettings,D:\research\architectureSmells\repos\Coevery_Coevery\src\Coevery.Web\Core\Navigation\Settings\AdminMenuPartTypeSettings.cs,The tool detected the smell in this class because the class contains only a few data members without any method implementation' that indicates that the abstraction might not be required. Following fields and properties are declared in this class: DefaultPosition
Unnecessary Abstraction,Coevery.Core.Navigation.ViewModels,MenuPartViewModel,D:\research\architectureSmells\repos\Coevery_Coevery\src\Coevery.Web\Core\Navigation\ViewModels\MenuPartViewModel.cs,The tool detected the smell in this class because the class contains only a few data members without any method implementation' that indicates that the abstraction might not be required. Following fields and properties are declared in this class: Menus' CurrentMenuId' OnMenu' ContentItem' MenuText
Unutilized Abstraction,Coevery.Core.Navigation.ViewModels,PositionTreeModel,D:\research\architectureSmells\repos\Coevery_Coevery\src\Coevery.Web\Core\Navigation\ViewModels\PositionTreeModel.cs,The tool detected the smell in this class because this class is potentially unused.   (Please ignore the smell if the reported class is auto-generated and/or used to serve a specific known purpose.)
Unnecessary Abstraction,Coevery.Core.Navigation.ViewModels,CreateMenuItemViewModel,D:\research\architectureSmells\repos\Coevery_Coevery\src\Coevery.Web\Core\Navigation\ViewModels\CreateMenuItemViewModel.cs,The tool detected the smell in this class because the class contains only a few data members without any method implementation' that indicates that the abstraction might not be required. Following fields and properties are declared in this class: MenuItem
Unutilized Abstraction,Coevery.Core.Navigation.ViewModels,CreateMenuItemViewModel,D:\research\architectureSmells\repos\Coevery_Coevery\src\Coevery.Web\Core\Navigation\ViewModels\CreateMenuItemViewModel.cs,The tool detected the smell in this class because this class is potentially unused.   (Please ignore the smell if the reported class is auto-generated and/or used to serve a specific known purpose.)
Unutilized Abstraction,Coevery.Core.Reports.Controllers,AdminController,D:\research\architectureSmells\repos\Coevery_Coevery\src\Coevery.Web\Core\Reports\Controllers\AdminController.cs,The tool detected the smell in this class because this class is potentially unused.   (Please ignore the smell if the reported class is auto-generated and/or used to serve a specific known purpose.)
Duplicate Abstraction,Coevery.Core.Navigation,Migrations,D:\research\architectureSmells\repos\Coevery_Coevery\src\Coevery.Web\Core\Navigation\Migrations.cs,The tool detected the smell in this class because a set of code clones has been found and at least one of the clones found in this class. List of code clones with start and end line numbers are:  Migrations (D:\research\architectureSmells\repos\Coevery_Coevery\src\Coevery.Web\Core\Navigation\Migrations.cs' [39' 59])' Migrations (D:\research\architectureSmells\repos\Coevery_Coevery\src\Coevery.Web\Core\Navigation\Migrations.cs' [125' 145])
Unnecessary Abstraction,Coevery.Core.Reports.ViewModels,DisplayReportViewModel,D:\research\architectureSmells\repos\Coevery_Coevery\src\Coevery.Web\Core\Reports\ViewModels\DisplayReportViewModel.cs,The tool detected the smell in this class because the class contains only a few data members without any method implementation' that indicates that the abstraction might not be required. Following fields and properties are declared in this class: Report
Unnecessary Abstraction,Coevery.Core.Reports.ViewModels,ReportsAdminIndexViewModel,D:\research\architectureSmells\repos\Coevery_Coevery\src\Coevery.Web\Core\Reports\ViewModels\ReportsAdminIndexViewModel.cs,The tool detected the smell in this class because the class contains only a few data members without any method implementation' that indicates that the abstraction might not be required. Following fields and properties are declared in this class: Reports
Unutilized Abstraction,Coevery.Core.Dashboard.Controllers,AdminController,D:\research\architectureSmells\repos\Coevery_Coevery\src\Coevery.Web\Core\Dashboard\Controllers\AdminController.cs,The tool detected the smell in this class because this class is potentially unused.   (Please ignore the smell if the reported class is auto-generated and/or used to serve a specific known purpose.)
Unutilized Abstraction,Coevery.Core.Feeds.Controllers,FeedController,D:\research\architectureSmells\repos\Coevery_Coevery\src\Coevery.Web\Core\Feeds\Controllers\FeedController.cs,The tool detected the smell in this class because this class is potentially unused.   (Please ignore the smell if the reported class is auto-generated and/or used to serve a specific known purpose.)
Unnecessary Abstraction,Coevery.Core.Feeds,FeedBuilderMatch,D:\research\architectureSmells\repos\Coevery_Coevery\src\Coevery.Web\Core\Feeds\IFeedBuilderProvider.cs,The tool detected the smell in this class because the class contains only a few data members without any method implementation' that indicates that the abstraction might not be required. Following fields and properties are declared in this class: Priority' FeedBuilder
Unnecessary Abstraction,Coevery.Core.Feeds,FeedQueryMatch,D:\research\architectureSmells\repos\Coevery_Coevery\src\Coevery.Web\Core\Feeds\IFeedQueryProvider.cs,The tool detected the smell in this class because the class contains only a few data members without any method implementation' that indicates that the abstraction might not be required. Following fields and properties are declared in this class: Priority' FeedQuery
Unnecessary Abstraction,Coevery.Core.Feeds.Services,Link,D:\research\architectureSmells\repos\Coevery_Coevery\src\Coevery.Web\Core\Feeds\Services\FeedManager.cs,The tool detected the smell in this class because the class contains only a few data members without any method implementation' that indicates that the abstraction might not be required. Following fields and properties are declared in this class: Title' RouteValues
Feature Envy,Coevery.Core.Navigation.Controllers,AdminController,D:\research\architectureSmells\repos\Coevery_Coevery\src\Coevery.Web\Core\Navigation\Controllers\AdminController.cs,The tool detected the smell because a method in this type accesses members from another type more than the members from its own type. The method causing this smell is: Delete which is more interested in members of the type: IMenuService
Unnecessary Abstraction,Coevery.Core.Scheduling.Models,ScheduledTaskRecord,D:\research\architectureSmells\repos\Coevery_Coevery\src\Coevery.Web\Core\Scheduling\Models\ScheduledTaskRecord.cs,The tool detected the smell in this class because the class contains only a few data members without any method implementation' that indicates that the abstraction might not be required. Following fields and properties are declared in this class: Id' TaskType' ScheduledUtc' ContentItemVersionRecord
Unutilized Abstraction,Coevery.Core.Settings.Drivers,SiteSettingsPartDriver,D:\research\architectureSmells\repos\Coevery_Coevery\src\Coevery.Web\Core\Settings\Drivers\SiteSettingsPartDriver.cs,The tool detected the smell in this class because this class is potentially unused.   (Please ignore the smell if the reported class is auto-generated and/or used to serve a specific known purpose.)
Unnecessary Abstraction,Coevery.Core.Settings.ViewModels,SiteCulturesViewModel,D:\research\architectureSmells\repos\Coevery_Coevery\src\Coevery.Web\Core\Settings\ViewModels\SiteCulturesViewModel.cs,The tool detected the smell in this class because the class contains only a few data members without any method implementation' that indicates that the abstraction might not be required. Following fields and properties are declared in this class: CurrentCulture' SiteCultures' AvailableSystemCultures
Feature Envy,Coevery.Core.Settings.Metadata,ContentDefinitionManager,D:\research\architectureSmells\repos\Coevery_Coevery\src\Coevery.Web\Core\Settings\Metadata\ContentDefinitionManager.cs,The tool detected the smell because a method in this type accesses members from another type more than the members from its own type. The method causing this smell is: Acquire which is more interested in members of the type: IRepository
Feature Envy,Coevery.Core.Settings.Metadata,ContentDefinitionManager,D:\research\architectureSmells\repos\Coevery_Coevery\src\Coevery.Web\Core\Settings\Metadata\ContentDefinitionManager.cs,The tool detected the smell because a method in this type accesses members from another type more than the members from its own type. The method causing this smell is: Acquire which is more interested in members of the type: IRepository
Feature Envy,Coevery.Core.Settings.Metadata,ContentDefinitionManager,D:\research\architectureSmells\repos\Coevery_Coevery\src\Coevery.Web\Core\Settings\Metadata\ContentDefinitionManager.cs,The tool detected the smell because a method in this type accesses members from another type more than the members from its own type. The method causing this smell is: Acquire which is more interested in members of the type: IRepository
Unnecessary Abstraction,Coevery.Core.Settings.Metadata.Records,ContentFieldDefinitionRecord,D:\research\architectureSmells\repos\Coevery_Coevery\src\Coevery.Web\Core\Settings\Metadata\Records\ContentFieldDefinitionRecord.cs,The tool detected the smell in this class because the class contains only a few data members without any method implementation' that indicates that the abstraction might not be required. Following fields and properties are declared in this class: Id' Name
Unnecessary Abstraction,Coevery.Core.Settings.Metadata.Records,ContentPartFieldDefinitionRecord,D:\research\architectureSmells\repos\Coevery_Coevery\src\Coevery.Web\Core\Settings\Metadata\Records\ContentPartFieldDefinitionRecord.cs,The tool detected the smell in this class because the class contains only a few data members without any method implementation' that indicates that the abstraction might not be required. Following fields and properties are declared in this class: Id' ContentFieldDefinitionRecord' Name' Settings
Unnecessary Abstraction,Coevery.Core.Settings.Metadata.Records,ContentTypePartDefinitionRecord,D:\research\architectureSmells\repos\Coevery_Coevery\src\Coevery.Web\Core\Settings\Metadata\Records\ContentTypePartDefinitionRecord.cs,The tool detected the smell in this class because the class contains only a few data members without any method implementation' that indicates that the abstraction might not be required. Following fields and properties are declared in this class: Id' ContentPartDefinitionRecord' Settings
Unnecessary Abstraction,Coevery.Core.Settings.State.Records,ShellFeatureStateRecord,D:\research\architectureSmells\repos\Coevery_Coevery\src\Coevery.Web\Core\Settings\State\Records\ShellFeatureStateRecord.cs,The tool detected the smell in this class because the class contains only a few data members without any method implementation' that indicates that the abstraction might not be required. Following fields and properties are declared in this class: Id' Name' InstallState' EnableState
Feature Envy,Coevery.Core.Settings.State,ShellStateManager,D:\research\architectureSmells\repos\Coevery_Coevery\src\Coevery.Web\Core\Settings\State\ShellStateManager.cs,The tool detected the smell because a method in this type accesses members from another type more than the members from its own type. The method causing this smell is: FeatureRecord which is more interested in members of the type: IRepository
Unnecessary Abstraction,Coevery.Core.Settings.Descriptor.Records,ShellFeatureRecord,D:\research\architectureSmells\repos\Coevery_Coevery\src\Coevery.Web\Core\Settings\Descriptor\Records\ShellFeatureRecord.cs,The tool detected the smell in this class because the class contains only a few data members without any method implementation' that indicates that the abstraction might not be required. Following fields and properties are declared in this class: Id' ShellDescriptorRecord' Name
Unnecessary Abstraction,Coevery.Core.Settings.Descriptor.Records,ShellParameterRecord,D:\research\architectureSmells\repos\Coevery_Coevery\src\Coevery.Web\Core\Settings\Descriptor\Records\ShellParameterRecord.cs,The tool detected the smell in this class because the class contains only a few data members without any method implementation' that indicates that the abstraction might not be required. Following fields and properties are declared in this class: Id' ShellDescriptorRecord' Component' Name' Value
Feature Envy,Coevery.Core.Settings.Controllers,AdminController,D:\research\architectureSmells\repos\Coevery_Coevery\src\Coevery.Web\Core\Settings\Controllers\AdminController.cs,The tool detected the smell because a method in this type accesses members from another type more than the members from its own type. The method causing this smell is: Culture which is more interested in members of the type: ICultureManager
Unutilized Abstraction,Coevery.Core.Title.Drivers,TitlePartDriver,D:\research\architectureSmells\repos\Coevery_Coevery\src\Coevery.Web\Core\Title\Drivers\TitlePartDriver.cs,The tool detected the smell in this class because this class is potentially unused.   (Please ignore the smell if the reported class is auto-generated and/or used to serve a specific known purpose.)
Unnecessary Abstraction,Coevery.Core.Title.Models,TitlePart,D:\research\architectureSmells\repos\Coevery_Coevery\src\Coevery.Web\Core\Title\Models\TitlePart.cs,The tool detected the smell in this class because the class contains only a few data members without any method implementation' that indicates that the abstraction might not be required. Following fields and properties are declared in this class: Title
Unnecessary Abstraction,Coevery.Core.Title.Models,TitlePartRecord,D:\research\architectureSmells\repos\Coevery_Coevery\src\Coevery.Web\Core\Title\Models\TitlePartRecord.cs,The tool detected the smell in this class because the class contains only a few data members without any method implementation' that indicates that the abstraction might not be required. Following fields and properties are declared in this class: Title
Unutilized Abstraction,Coevery.Core.XmlRpc.Controllers,HomeController,D:\research\architectureSmells\repos\Coevery_Coevery\src\Coevery.Web\Core\XmlRpc\Controllers\HomeController.cs,The tool detected the smell in this class because this class is potentially unused.   (Please ignore the smell if the reported class is auto-generated and/or used to serve a specific known purpose.)
Unutilized Abstraction,Coevery.Core.XmlRpc.Controllers,LiveWriterController,D:\research\architectureSmells\repos\Coevery_Coevery\src\Coevery.Web\Core\XmlRpc\Controllers\LiveWriterController.cs,The tool detected the smell in this class because this class is potentially unused.   (Please ignore the smell if the reported class is auto-generated and/or used to serve a specific known purpose.)
Unnecessary Abstraction,Coevery.Core.XmlRpc,XmlRpcContext,D:\research\architectureSmells\repos\Coevery_Coevery\src\Coevery.Web\Core\XmlRpc\XmlRpcContext.cs,The tool detected the smell in this class because the class contains only a few data members without any method implementation' that indicates that the abstraction might not be required. Following fields and properties are declared in this class: ControllerContext' HttpContext' Request' Response' _drivers
Deficient Encapsulation,Coevery.Core.XmlRpc,XmlRpcContext,D:\research\architectureSmells\repos\Coevery_Coevery\src\Coevery.Web\Core\XmlRpc\XmlRpcContext.cs,The tool detected the smell in this class because the class exposes fields belonging to it with public accessibility. Following fields are declared with public accessiblity: _drivers
Broken Modularization,Coevery.Core.Common.Models,CommonPart,D:\research\architectureSmells\repos\Coevery_Coevery\src\Coevery.Web\Core\Common\Models\CommonPart.cs,The tool detected the smell in this class because it contains only data members without any method implementation. Following fields and properties are declared in this class: OwnerField' ContainerField' Owner' Container' CreatedUtc' PublishedUtc' ModifiedUtc' PartVersionRecord' VersionCreatedUtc' VersionPublishedUtc' VersionModifiedUtc' _owner' _container
Broken Modularization,Coevery.Core.Common.Models,CommonPartRecord,D:\research\architectureSmells\repos\Coevery_Coevery\src\Coevery.Web\Core\Common\Models\CommonPartRecord.cs,The tool detected the smell in this class because it contains only data members without any method implementation. Following fields and properties are declared in this class: OwnerId' Container' CreatedUtc' PublishedUtc' ModifiedUtc
Broken Modularization,Coevery.Core.Common.ViewModels,BodyEditorViewModel,D:\research\architectureSmells\repos\Coevery_Coevery\src\Coevery.Web\Core\Common\ViewModels\BodyEditorViewModel.cs,The tool detected the smell in this class because it contains only data members without any method implementation. Following fields and properties are declared in this class: BodyPart' Text' Format' EditorFlavor' AddMediaPath
Broken Modularization,Coevery.Core.Containers.Models,ContainerPartRecord,D:\research\architectureSmells\repos\Coevery_Coevery\src\Coevery.Web\Core\Containers\Models\ContainerPart.cs,The tool detected the smell in this class because it contains only data members without any method implementation. Following fields and properties are declared in this class: ItemContentType' ItemsShown' Paginated' PageSize' OrderByProperty' OrderByDirection
Broken Modularization,Coevery.Core.Containers.Models,ContainerWidgetPartRecord,D:\research\architectureSmells\repos\Coevery_Coevery\src\Coevery.Web\Core\Containers\Models\ContainerWidgetPart.cs,The tool detected the smell in this class because it contains only data members without any method implementation. Following fields and properties are declared in this class: ContainerId' PageSize' OrderByProperty' OrderByDirection' ApplyFilter' FilterByProperty' FilterByOperator' FilterByValue
Broken Modularization,Coevery.Core.Containers.Settings,ContainerPartSettings,D:\research\architectureSmells\repos\Coevery_Coevery\src\Coevery.Web\Core\Containers\Settings\ContainerSettings.cs,The tool detected the smell in this class because it contains only data members without any method implementation. Following fields and properties are declared in this class: PageSizeDefault' PaginatedDefault' PageSizeDefaultDefault' PaginatedDefaultDefault' _pageSizeDefault' _paginiatedDefault
Broken Modularization,Coevery.Core.Navigation.Models,MenuWidgetPartRecord,D:\research\architectureSmells\repos\Coevery_Coevery\src\Coevery.Web\Core\Navigation\Models\MenuWidgetPartRecord.cs,The tool detected the smell in this class because it contains only data members without any method implementation. Following fields and properties are declared in this class: StartLevel' Levels' Breadcrumb' AddHomePage' AddCurrentPage' Menu
Broken Modularization,Coevery.Core.Navigation.Models,MenuWidgetPart,D:\research\architectureSmells\repos\Coevery_Coevery\src\Coevery.Web\Core\Navigation\Models\MenuWidgetPart.cs,The tool detected the smell in this class because it contains only data members without any method implementation. Following fields and properties are declared in this class: StartLevel' Levels' Breadcrumb' AddHomePage' AddCurrentPage' Menu' ShowFullMenu
Broken Modularization,Coevery.Core.Navigation.Models,MenuPart,D:\research\architectureSmells\repos\Coevery_Coevery\src\Coevery.Web\Core\Navigation\Models\MenuPart.cs,The tool detected the smell in this class because it contains only data members without any method implementation. Following fields and properties are declared in this class: MenuField' Menu' MenuText' MenuPosition' Description' _menu
Broken Modularization,Coevery.Core.Navigation.Models,MenuPartRecord,D:\research\architectureSmells\repos\Coevery_Coevery\src\Coevery.Web\Core\Navigation\Models\MenuPartRecord.cs,The tool detected the smell in this class because it contains only data members without any method implementation. Following fields and properties are declared in this class: MenuText' MenuPosition' MenuId' Description' DefaultMenuTextLength
Broken Modularization,Coevery.Core.Navigation.ViewModels,MenuPartViewModel,D:\research\architectureSmells\repos\Coevery_Coevery\src\Coevery.Web\Core\Navigation\ViewModels\MenuPartViewModel.cs,The tool detected the smell in this class because it contains only data members without any method implementation. Following fields and properties are declared in this class: Menus' CurrentMenuId' OnMenu' ContentItem' MenuText
Broken Modularization,Coevery.Core.Navigation.ViewModels,MenuWidgetViewModel,D:\research\architectureSmells\repos\Coevery_Coevery\src\Coevery.Web\Core\Navigation\ViewModels\MenuWidgetViewModel.cs,The tool detected the smell in this class because it contains only data members without any method implementation. Following fields and properties are declared in this class: Menus' CurrentMenuId' StartLevel' StopLevel' Breadcrumb' AddHomePage' AddCurrentPage' ShowFullMenu
Broken Modularization,Coevery.Core.Navigation.ViewModels,PositionTreeModel,D:\research\architectureSmells\repos\Coevery_Coevery\src\Coevery.Web\Core\Navigation\ViewModels\PositionTreeModel.cs,The tool detected the smell in this class because it contains only data members without any method implementation. Following fields and properties are declared in this class: ParentId' ParentPosition' Level' Order' IsLeaf' Expanded
Broken Modularization,Coevery.Core.Navigation.ViewModels,MenuItemEntry,D:\research\architectureSmells\repos\Coevery_Coevery\src\Coevery.Web\Core\Navigation\ViewModels\MenuItemEntry.cs,The tool detected the smell in this class because it contains only data members without any method implementation. Following fields and properties are declared in this class: MenuItemId' IsMenuItem' Text' Url' Position' Description' ContentItem
Broken Modularization,Coevery.Core.Settings.ViewModels,SiteSettingsPartViewModel,D:\research\architectureSmells\repos\Coevery_Coevery\src\Coevery.Web\Core\Settings\ViewModels\SiteSettingsPartViewModel.cs,The tool detected the smell in this class because it contains only data members without any method implementation. Following fields and properties are declared in this class: Site' SiteCultures' TimeZones' Id' PageTitleSeparator' SiteName' SiteCulture' SuperUser' ResourceDebugMode' PageSize' BaseUrl' TimeZone
Broken Modularization,Coevery.Core.Settings.Descriptor.Records,ShellParameterRecord,D:\research\architectureSmells\repos\Coevery_Coevery\src\Coevery.Web\Core\Settings\Descriptor\Records\ShellParameterRecord.cs,The tool detected the smell in this class because it contains only data members without any method implementation. Following fields and properties are declared in this class: Id' ShellDescriptorRecord' Component' Name' Value
Broken Modularization,Coevery.Core.Settings.Models,SiteSettingsPart,D:\research\architectureSmells\repos\Coevery_Coevery\src\Coevery.Web\Core\Settings\Models\SiteSettingsPart.cs,The tool detected the smell in this class because it contains only data members without any method implementation. Following fields and properties are declared in this class: PageTitleSeparator' SiteName' SiteSalt' SuperUser' HomePage' SiteCulture' ResourceDebugMode' PageSize' SiteTimeZone' BaseUrl' DefaultPageSize
Broken Modularization,Coevery.Core.Shapes.Localization,IDateTimeLocalization,D:\research\architectureSmells\repos\Coevery_Coevery\src\Coevery.Web\Core\Shapes\Localization\DateTimeLocalization.cs,The tool detected the smell in this class because it contains only data members without any method implementation. Following fields and properties are declared in this class: MonthNames' MonthNamesShort' DayNames' DayNamesShort' DayNamesMin' ShortDateFormat' ShortTimeFormat' LongDateTimeFormat' FirstDay' ShowMonthAfterYear' YearSuffix
Insufficient Modularization,Coevery.Core.Shapes,CoreShapes,D:\research\architectureSmells\repos\Coevery_Coevery\src\Coevery.Web\Core\Shapes\CoreShapes.cs,The tool detected the smell in this class becuase the class has bloated interface (large number of public methods). Total public methods in the class: 28 public methods
Insufficient Modularization,Coevery.Core.Shapes,CoreShapes,D:\research\architectureSmells\repos\Coevery_Coevery\src\Coevery.Web\Core\Shapes\CoreShapes.cs,The tool detected the smell in this class because the class contains large number of methods. Total methods in the class: 37 methods
Broken Modularization,Coevery.Core.XmlRpc,XmlRpcContext,D:\research\architectureSmells\repos\Coevery_Coevery\src\Coevery.Web\Core\XmlRpc\XmlRpcContext.cs,The tool detected the smell in this class because it contains only data members without any method implementation. Following fields and properties are declared in this class: ControllerContext' HttpContext' Request' Response' _drivers
Cyclically-dependent Modularization,Coevery.Core.Feeds,IFeedBuilder,D:\research\architectureSmells\repos\Coevery_Coevery\src\Coevery.Web\Core\Feeds\IFeedBuilder.cs,The tool detected the smell in this class because this class participates in a cyclic dependency. The participating classes in the cycle are: Coevery.Core.Feeds.IFeedBuilder' Coevery.Core.Feeds.Models.FeedContext
Cyclically-dependent Modularization,Coevery.Core.Settings.Descriptor.Records,ShellFeatureRecord,D:\research\architectureSmells\repos\Coevery_Coevery\src\Coevery.Web\Core\Settings\Descriptor\Records\ShellFeatureRecord.cs,The tool detected the smell in this class because this class participates in a cyclic dependency. The participating classes in the cycle are: Coevery.Core.Settings.Descriptor.Records.ShellFeatureRecord' Coevery.Core.Settings.Descriptor.Records.ShellDescriptorRecord
Cyclically-dependent Modularization,Coevery.Core.Settings.Descriptor.Records,ShellParameterRecord,D:\research\architectureSmells\repos\Coevery_Coevery\src\Coevery.Web\Core\Settings\Descriptor\Records\ShellParameterRecord.cs,The tool detected the smell in this class because this class participates in a cyclic dependency. The participating classes in the cycle are: Coevery.Core.Settings.Descriptor.Records.ShellParameterRecord' Coevery.Core.Settings.Descriptor.Records.ShellDescriptorRecord
Cyclically-dependent Modularization,Coevery.Core.XmlRpc.Models,XRpcData,D:\research\architectureSmells\repos\Coevery_Coevery\src\Coevery.Web\Core\XmlRpc\Models\XRpcData.cs,The tool detected the smell in this class because this class participates in a cyclic dependency. The participating classes in the cycle are: Coevery.Core.XmlRpc.Models.XRpcData' Coevery.Core.XmlRpc.Models.XRpcData<T>
Cyclically-dependent Modularization,Coevery.Core.Settings.Descriptor.Records,ShellFeatureRecord,D:\research\architectureSmells\repos\Coevery_Coevery\src\Coevery.Web\Core\Settings\Descriptor\Records\ShellFeatureRecord.cs,The tool detected the smell in this class because this class participates in a cyclic dependency. The participating classes in the cycle are: Coevery.Core.Settings.Descriptor.Records.ShellFeatureRecord' Coevery.Core.Settings.Descriptor.Records.ShellDescriptorRecord' Coevery.Core.Settings.Descriptor.Records.ShellParameterRecord
Broken Hierarchy,Coevery.Core.Common.DateEditor,DateEditorViewModel,D:\research\architectureSmells\repos\Coevery_Coevery\src\Coevery.Web\Core\Common\DateEditor\DateEditorViewModel.cs,The tool detected a potential instance of the smell because this type does not implement or override any method from it's supertype(s): Coevery.DisplayManagement.Shapes.Shape
Broken Hierarchy,Coevery.Core.Common.Models,IdentityPart,D:\research\architectureSmells\repos\Coevery_Coevery\src\Coevery.Web\Core\Common\Models\IdentityPart.cs,The tool detected a potential instance of the smell because this type does not implement or override any method from it's supertype(s): Coevery.ContentManagement.ContentPart
Broken Hierarchy,Coevery.Core.Common.Models,CommonPart,D:\research\architectureSmells\repos\Coevery_Coevery\src\Coevery.Web\Core\Common\Models\CommonPart.cs,The tool detected a potential instance of the smell because this type does not implement or override any method from it's supertype(s): Coevery.ContentManagement.ContentPart' Coevery.ContentManagement.Aspects.ICommonPart
Broken Hierarchy,Coevery.Core.Common.Models,BodyPart,D:\research\architectureSmells\repos\Coevery_Coevery\src\Coevery.Web\Core\Common\Models\BodyPart.cs,The tool detected a potential instance of the smell because this type does not implement or override any method from it's supertype(s): Coevery.ContentManagement.ContentPart
Broken Hierarchy,Coevery.Core.Common.OwnerEditor,OwnerEditorViewModel,D:\research\architectureSmells\repos\Coevery_Coevery\src\Coevery.Web\Core\Common\OwnerEditor\OwnerEditorViewModel.cs,The tool detected a potential instance of the smell because this type does not implement or override any method from it's supertype(s): Coevery.DisplayManagement.Shapes.Shape
Broken Hierarchy,Coevery.Core.Containers.Models,ContainablePart,D:\research\architectureSmells\repos\Coevery_Coevery\src\Coevery.Web\Core\Containers\Models\ContainablePart.cs,The tool detected a potential instance of the smell because this type does not implement or override any method from it's supertype(s): Coevery.ContentManagement.ContentPart
Broken Hierarchy,Coevery.Core.Containers.Models,ContainerPart,D:\research\architectureSmells\repos\Coevery_Coevery\src\Coevery.Web\Core\Containers\Models\ContainerPart.cs,The tool detected a potential instance of the smell because this type does not implement or override any method from it's supertype(s): Coevery.ContentManagement.ContentPart
Broken Hierarchy,Coevery.Core.Containers.Models,ContainerWidgetPart,D:\research\architectureSmells\repos\Coevery_Coevery\src\Coevery.Web\Core\Containers\Models\ContainerWidgetPart.cs,The tool detected a potential instance of the smell because this type does not implement or override any method from it's supertype(s): Coevery.ContentManagement.ContentPart
Broken Hierarchy,Coevery.Core.Containers.Models,CustomPropertiesPart,D:\research\architectureSmells\repos\Coevery_Coevery\src\Coevery.Web\Core\Containers\Models\CustomPropertiesPart.cs,The tool detected a potential instance of the smell because this type does not implement or override any method from it's supertype(s): Coevery.ContentManagement.ContentPart
Rebellious Hierarchy,Coevery.Core.Contents.Security,AuthorizationEventHandler,D:\research\architectureSmells\repos\Coevery_Coevery\src\Coevery.Web\Core\Contents\Security\AuthorizationEventHandler.cs,The tool detected the smell in this class because method(s) of this class reject the methods provided by its supertypes. The method(s) that reject the suptertype's method are: Checking' Complete
Broken Hierarchy,Coevery.Core.Navigation.Commands,MenuCommands,D:\research\architectureSmells\repos\Coevery_Coevery\src\Coevery.Web\Core\Navigation\Commands\MenuCommands.cs,The tool detected a potential instance of the smell because this type does not implement or override any method from it's supertype(s): Coevery.Commands.DefaultCoeveryCommandHandler
Broken Hierarchy,Coevery.Core.Navigation.Models,AdminMenuPart,D:\research\architectureSmells\repos\Coevery_Coevery\src\Coevery.Web\Core\Navigation\Models\AdminMenuPart.cs,The tool detected a potential instance of the smell because this type does not implement or override any method from it's supertype(s): Coevery.ContentManagement.ContentPart
Broken Hierarchy,Coevery.Core.Navigation.Models,MenuWidgetPart,D:\research\architectureSmells\repos\Coevery_Coevery\src\Coevery.Web\Core\Navigation\Models\MenuWidgetPart.cs,The tool detected a potential instance of the smell because this type does not implement or override any method from it's supertype(s): Coevery.ContentManagement.ContentPart
Broken Hierarchy,Coevery.Core.Navigation.Models,ShapeMenuItemPart,D:\research\architectureSmells\repos\Coevery_Coevery\src\Coevery.Web\Core\Navigation\Models\ShapeMenuItemPart.cs,The tool detected a potential instance of the smell because this type does not implement or override any method from it's supertype(s): Coevery.ContentManagement.ContentPart
Broken Hierarchy,Coevery.Core.Navigation.Models,MenuItemPart,D:\research\architectureSmells\repos\Coevery_Coevery\src\Coevery.Web\Core\Navigation\Models\MenuItemPart.cs,The tool detected a potential instance of the smell because this type does not implement or override any method from it's supertype(s): Coevery.ContentManagement.ContentPart
Broken Hierarchy,Coevery.Core.Navigation.Models,MenuPart,D:\research\architectureSmells\repos\Coevery_Coevery\src\Coevery.Web\Core\Navigation\Models\MenuPart.cs,The tool detected a potential instance of the smell because this type does not implement or override any method from it's supertype(s): Coevery.ContentManagement.ContentPart
Broken Hierarchy,Coevery.Core.Settings.Commands,SiteSettingsCommands,D:\research\architectureSmells\repos\Coevery_Coevery\src\Coevery.Web\Core\Settings\Commands\SiteSettingsCommands.cs,The tool detected a potential instance of the smell because this type does not implement or override any method from it's supertype(s): Coevery.Commands.DefaultCoeveryCommandHandler
Broken Hierarchy,Coevery.Core.Settings.Models,SiteSettingsPart,D:\research\architectureSmells\repos\Coevery_Coevery\src\Coevery.Web\Core\Settings\Models\SiteSettingsPart.cs,The tool detected a potential instance of the smell because this type does not implement or override any method from it's supertype(s): Coevery.ContentManagement.ContentPart' Coevery.Settings.ISite
Broken Hierarchy,Coevery.Core.Title.Models,TitlePart,D:\research\architectureSmells\repos\Coevery_Coevery\src\Coevery.Web\Core\Title\Models\TitlePart.cs,The tool detected a potential instance of the smell because this type does not implement or override any method from it's supertype(s): Coevery.ContentManagement.ContentPart' Coevery.ContentManagement.Aspects.ITitleAspect
Cyclic Hierarchy,Coevery.Core.XmlRpc.Models,XRpcData,D:\research\architectureSmells\repos\Coevery_Coevery\src\Coevery.Web\Core\XmlRpc\Models\XRpcData.cs,The tool detected the smell in this class because the class depends on one of its subclasses (creating cycle in the hierarchy). The class is dependent on the following subclass: XRpcData<T>
