Design smell,Namespace,Class,File,Cause
Duplicate Abstraction,ArcGIS4LocalGovernment,LastValueEntry,D:\research\architectureSmells\repos\Esri_local-government-desktop-addins\Attribute Assistant Add In\AttributeAssistantAddIn\AttributeAssistantEditorExtension.cs,The tool detected the smell in this class because a set of code clones has been found and at least one of the clones found in this class. List of code clones with start and end line numbers are:  LastValueEntry (D:\research\architectureSmells\repos\Esri_local-government-desktop-addins\Attribute Assistant Add In\AttributeAssistantAddIn\AttributeAssistantEditorExtension.cs' [2020' 2080])' LastValueEntry (D:\research\architectureSmells\repos\Esri_local-government-desktop-addins\Attribute Assistant Add In\AttributeAssistantAddIn\AttributeAssistantEditorExtension.cs' [2143' 2203])
Duplicate Abstraction,ArcGIS4LocalGovernment,LastValueEntry,D:\research\architectureSmells\repos\Esri_local-government-desktop-addins\Attribute Assistant Add In\AttributeAssistantAddIn\AttributeAssistantEditorExtension.cs,The tool detected the smell in this class because a set of code clones has been found and at least one of the clones found in this class. List of code clones with start and end line numbers are:  LastValueEntry (D:\research\architectureSmells\repos\Esri_local-government-desktop-addins\Attribute Assistant Add In\AttributeAssistantAddIn\AttributeAssistantEditorExtension.cs' [2050' 2080])' LastValueEntry (D:\research\architectureSmells\repos\Esri_local-government-desktop-addins\Attribute Assistant Add In\AttributeAssistantAddIn\AttributeAssistantEditorExtension.cs' [2227' 2257])' LastValueEntry (D:\research\architectureSmells\repos\Esri_local-government-desktop-addins\Attribute Assistant Add In\AttributeAssistantAddIn\AttributeAssistantEditorExtension.cs' [2173' 2203])
Duplicate Abstraction,ArcGIS4LocalGovernment,LastValueEntry,D:\research\architectureSmells\repos\Esri_local-government-desktop-addins\Attribute Assistant Add In\AttributeAssistantAddIn\AttributeAssistantEditorExtension.cs,The tool detected the smell in this class because a set of code clones has been found and at least one of the clones found in this class. List of code clones with start and end line numbers are:  LastValueEntry (D:\research\architectureSmells\repos\Esri_local-government-desktop-addins\Attribute Assistant Add In\AttributeAssistantAddIn\AttributeAssistantEditorExtension.cs' [3497' 3530])' LastValueEntry (D:\research\architectureSmells\repos\Esri_local-government-desktop-addins\Attribute Assistant Add In\AttributeAssistantAddIn\AttributeAssistantEditorExtension.cs' [7126' 7159])
Duplicate Abstraction,ArcGIS4LocalGovernment,LastValueEntry,D:\research\architectureSmells\repos\Esri_local-government-desktop-addins\Attribute Assistant Add In\AttributeAssistantAddIn\AttributeAssistantEditorExtension.cs,The tool detected the smell in this class because a set of code clones has been found and at least one of the clones found in this class. List of code clones with start and end line numbers are:  LastValueEntry (D:\research\architectureSmells\repos\Esri_local-government-desktop-addins\Attribute Assistant Add In\AttributeAssistantAddIn\AttributeAssistantEditorExtension.cs' [3506' 3532])' LastValueEntry (D:\research\architectureSmells\repos\Esri_local-government-desktop-addins\Attribute Assistant Add In\AttributeAssistantAddIn\AttributeAssistantEditorExtension.cs' [3568' 3594])' LastValueEntry (D:\research\architectureSmells\repos\Esri_local-government-desktop-addins\Attribute Assistant Add In\AttributeAssistantAddIn\AttributeAssistantEditorExtension.cs' [4202' 4228])' LastValueEntry (D:\research\architectureSmells\repos\Esri_local-government-desktop-addins\Attribute Assistant Add In\AttributeAssistantAddIn\AttributeAssistantEditorExtension.cs' [4392' 4418])' LastValueEntry (D:\research\architectureSmells\repos\Esri_local-government-desktop-addins\Attribute Assistant Add In\AttributeAssistantAddIn\AttributeAssistantEditorExtension.cs' [5472' 5498])' LastValueEntry (D:\research\architectureSmells\repos\Esri_local-government-desktop-addins\Attribute Assistant Add In\AttributeAssistantAddIn\AttributeAssistantEditorExtension.cs' [5683' 5709])' LastValueEntry (D:\research\architectureSmells\repos\Esri_local-government-desktop-addins\Attribute Assistant Add In\AttributeAssistantAddIn\AttributeAssistantEditorExtension.cs' [6872' 6898])' LastValueEntry (D:\research\architectureSmells\repos\Esri_local-government-desktop-addins\Attribute Assistant Add In\AttributeAssistantAddIn\AttributeAssistantEditorExtension.cs' [11500' 11526])' LastValueEntry (D:\research\architectureSmells\repos\Esri_local-government-desktop-addins\Attribute Assistant Add In\AttributeAssistantAddIn\AttributeAssistantEditorExtension.cs' [12395' 12421])' LastValueEntry (D:\research\architectureSmells\repos\Esri_local-government-desktop-addins\Attribute Assistant Add In\AttributeAssistantAddIn\AttributeAssistantEditorExtension.cs' [13325' 13351])' LastValueEntry (D:\research\architectureSmells\repos\Esri_local-government-desktop-addins\Attribute Assistant Add In\AttributeAssistantAddIn\AttributeAssistantEditorExtension.cs' [16078' 16104])
Duplicate Abstraction,ArcGIS4LocalGovernment,LastValueEntry,D:\research\architectureSmells\repos\Esri_local-government-desktop-addins\Attribute Assistant Add In\AttributeAssistantAddIn\AttributeAssistantEditorExtension.cs,The tool detected the smell in this class because a set of code clones has been found and at least one of the clones found in this class. List of code clones with start and end line numbers are:  LastValueEntry (D:\research\architectureSmells\repos\Esri_local-government-desktop-addins\Attribute Assistant Add In\AttributeAssistantAddIn\AttributeAssistantEditorExtension.cs' [3506' 3530])' LastValueEntry (D:\research\architectureSmells\repos\Esri_local-government-desktop-addins\Attribute Assistant Add In\AttributeAssistantAddIn\AttributeAssistantEditorExtension.cs' [7654' 7678])' LastValueEntry (D:\research\architectureSmells\repos\Esri_local-government-desktop-addins\Attribute Assistant Add In\AttributeAssistantAddIn\AttributeAssistantEditorExtension.cs' [13677' 13701])' LastValueEntry (D:\research\architectureSmells\repos\Esri_local-government-desktop-addins\Attribute Assistant Add In\AttributeAssistantAddIn\AttributeAssistantEditorExtension.cs' [13897' 13921])' LastValueEntry (D:\research\architectureSmells\repos\Esri_local-government-desktop-addins\Attribute Assistant Add In\AttributeAssistantAddIn\AttributeAssistantEditorExtension.cs' [14316' 14340])' LastValueEntry (D:\research\architectureSmells\repos\Esri_local-government-desktop-addins\Attribute Assistant Add In\AttributeAssistantAddIn\AttributeAssistantEditorExtension.cs' [3568' 3592])' LastValueEntry (D:\research\architectureSmells\repos\Esri_local-government-desktop-addins\Attribute Assistant Add In\AttributeAssistantAddIn\AttributeAssistantEditorExtension.cs' [7135' 7159])' LastValueEntry (D:\research\architectureSmells\repos\Esri_local-government-desktop-addins\Attribute Assistant Add In\AttributeAssistantAddIn\AttributeAssistantEditorExtension.cs' [4202' 4226])' LastValueEntry (D:\research\architectureSmells\repos\Esri_local-government-desktop-addins\Attribute Assistant Add In\AttributeAssistantAddIn\AttributeAssistantEditorExtension.cs' [4392' 4416])' LastValueEntry (D:\research\architectureSmells\repos\Esri_local-government-desktop-addins\Attribute Assistant Add In\AttributeAssistantAddIn\AttributeAssistantEditorExtension.cs' [5472' 5496])' LastValueEntry (D:\research\architectureSmells\repos\Esri_local-government-desktop-addins\Attribute Assistant Add In\AttributeAssistantAddIn\AttributeAssistantEditorExtension.cs' [5683' 5707])' LastValueEntry (D:\research\architectureSmells\repos\Esri_local-government-desktop-addins\Attribute Assistant Add In\AttributeAssistantAddIn\AttributeAssistantEditorExtension.cs' [6872' 6896])' LastValueEntry (D:\research\architectureSmells\repos\Esri_local-government-desktop-addins\Attribute Assistant Add In\AttributeAssistantAddIn\AttributeAssistantEditorExtension.cs' [11500' 11524])' LastValueEntry (D:\research\architectureSmells\repos\Esri_local-government-desktop-addins\Attribute Assistant Add In\AttributeAssistantAddIn\AttributeAssistantEditorExtension.cs' [12395' 12419])' LastValueEntry (D:\research\architectureSmells\repos\Esri_local-government-desktop-addins\Attribute Assistant Add In\AttributeAssistantAddIn\AttributeAssistantEditorExtension.cs' [13325' 13349])' LastValueEntry (D:\research\architectureSmells\repos\Esri_local-government-desktop-addins\Attribute Assistant Add In\AttributeAssistantAddIn\AttributeAssistantEditorExtension.cs' [16078' 16102])
Duplicate Abstraction,ArcGIS4LocalGovernment,LastValueEntry,D:\research\architectureSmells\repos\Esri_local-government-desktop-addins\Attribute Assistant Add In\AttributeAssistantAddIn\AttributeAssistantEditorExtension.cs,The tool detected the smell in this class because a set of code clones has been found and at least one of the clones found in this class. List of code clones with start and end line numbers are:  LastValueEntry (D:\research\architectureSmells\repos\Esri_local-government-desktop-addins\Attribute Assistant Add In\AttributeAssistantAddIn\AttributeAssistantEditorExtension.cs' [4202' 4236])' LastValueEntry (D:\research\architectureSmells\repos\Esri_local-government-desktop-addins\Attribute Assistant Add In\AttributeAssistantAddIn\AttributeAssistantEditorExtension.cs' [4392' 4426])' LastValueEntry (D:\research\architectureSmells\repos\Esri_local-government-desktop-addins\Attribute Assistant Add In\AttributeAssistantAddIn\AttributeAssistantEditorExtension.cs' [5472' 5506])' LastValueEntry (D:\research\architectureSmells\repos\Esri_local-government-desktop-addins\Attribute Assistant Add In\AttributeAssistantAddIn\AttributeAssistantEditorExtension.cs' [13897' 13931])' LastValueEntry (D:\research\architectureSmells\repos\Esri_local-government-desktop-addins\Attribute Assistant Add In\AttributeAssistantAddIn\AttributeAssistantEditorExtension.cs' [14316' 14350])
Duplicate Abstraction,ArcGIS4LocalGovernment,LastValueEntry,D:\research\architectureSmells\repos\Esri_local-government-desktop-addins\Attribute Assistant Add In\AttributeAssistantAddIn\AttributeAssistantEditorExtension.cs,The tool detected the smell in this class because a set of code clones has been found and at least one of the clones found in this class. List of code clones with start and end line numbers are:  LastValueEntry (D:\research\architectureSmells\repos\Esri_local-government-desktop-addins\Attribute Assistant Add In\AttributeAssistantAddIn\AttributeAssistantEditorExtension.cs' [4202' 4229])' LastValueEntry (D:\research\architectureSmells\repos\Esri_local-government-desktop-addins\Attribute Assistant Add In\AttributeAssistantAddIn\AttributeAssistantEditorExtension.cs' [5683' 5710])' LastValueEntry (D:\research\architectureSmells\repos\Esri_local-government-desktop-addins\Attribute Assistant Add In\AttributeAssistantAddIn\AttributeAssistantEditorExtension.cs' [11500' 11527])' LastValueEntry (D:\research\architectureSmells\repos\Esri_local-government-desktop-addins\Attribute Assistant Add In\AttributeAssistantAddIn\AttributeAssistantEditorExtension.cs' [13325' 13352])' LastValueEntry (D:\research\architectureSmells\repos\Esri_local-government-desktop-addins\Attribute Assistant Add In\AttributeAssistantAddIn\AttributeAssistantEditorExtension.cs' [4392' 4419])' LastValueEntry (D:\research\architectureSmells\repos\Esri_local-government-desktop-addins\Attribute Assistant Add In\AttributeAssistantAddIn\AttributeAssistantEditorExtension.cs' [5472' 5499])' LastValueEntry (D:\research\architectureSmells\repos\Esri_local-government-desktop-addins\Attribute Assistant Add In\AttributeAssistantAddIn\AttributeAssistantEditorExtension.cs' [16078' 16105])' LastValueEntry (D:\research\architectureSmells\repos\Esri_local-government-desktop-addins\Attribute Assistant Add In\AttributeAssistantAddIn\AttributeAssistantEditorExtension.cs' [7135' 7162])' LastValueEntry (D:\research\architectureSmells\repos\Esri_local-government-desktop-addins\Attribute Assistant Add In\AttributeAssistantAddIn\AttributeAssistantEditorExtension.cs' [13677' 13704])' LastValueEntry (D:\research\architectureSmells\repos\Esri_local-government-desktop-addins\Attribute Assistant Add In\AttributeAssistantAddIn\AttributeAssistantEditorExtension.cs' [13897' 13924])' LastValueEntry (D:\research\architectureSmells\repos\Esri_local-government-desktop-addins\Attribute Assistant Add In\AttributeAssistantAddIn\AttributeAssistantEditorExtension.cs' [14316' 14343])
Duplicate Abstraction,ArcGIS4LocalGovernment,LastValueEntry,D:\research\architectureSmells\repos\Esri_local-government-desktop-addins\Attribute Assistant Add In\AttributeAssistantAddIn\AttributeAssistantEditorExtension.cs,The tool detected the smell in this class because a set of code clones has been found and at least one of the clones found in this class. List of code clones with start and end line numbers are:  LastValueEntry (D:\research\architectureSmells\repos\Esri_local-government-desktop-addins\Attribute Assistant Add In\AttributeAssistantAddIn\AttributeAssistantEditorExtension.cs' [4202' 4233])' LastValueEntry (D:\research\architectureSmells\repos\Esri_local-government-desktop-addins\Attribute Assistant Add In\AttributeAssistantAddIn\AttributeAssistantEditorExtension.cs' [16078' 16109])' LastValueEntry (D:\research\architectureSmells\repos\Esri_local-government-desktop-addins\Attribute Assistant Add In\AttributeAssistantAddIn\AttributeAssistantEditorExtension.cs' [4392' 4423])' LastValueEntry (D:\research\architectureSmells\repos\Esri_local-government-desktop-addins\Attribute Assistant Add In\AttributeAssistantAddIn\AttributeAssistantEditorExtension.cs' [5472' 5503])' LastValueEntry (D:\research\architectureSmells\repos\Esri_local-government-desktop-addins\Attribute Assistant Add In\AttributeAssistantAddIn\AttributeAssistantEditorExtension.cs' [5683' 5714])' LastValueEntry (D:\research\architectureSmells\repos\Esri_local-government-desktop-addins\Attribute Assistant Add In\AttributeAssistantAddIn\AttributeAssistantEditorExtension.cs' [11500' 11531])' LastValueEntry (D:\research\architectureSmells\repos\Esri_local-government-desktop-addins\Attribute Assistant Add In\AttributeAssistantAddIn\AttributeAssistantEditorExtension.cs' [13325' 13356])
Duplicate Abstraction,ArcGIS4LocalGovernment,LastValueEntry,D:\research\architectureSmells\repos\Esri_local-government-desktop-addins\Attribute Assistant Add In\AttributeAssistantAddIn\AttributeAssistantEditorExtension.cs,The tool detected the smell in this class because a set of code clones has been found and at least one of the clones found in this class. List of code clones with start and end line numbers are:  LastValueEntry (D:\research\architectureSmells\repos\Esri_local-government-desktop-addins\Attribute Assistant Add In\AttributeAssistantAddIn\AttributeAssistantEditorExtension.cs' [4392' 4427])' LastValueEntry (D:\research\architectureSmells\repos\Esri_local-government-desktop-addins\Attribute Assistant Add In\AttributeAssistantAddIn\AttributeAssistantEditorExtension.cs' [5472' 5507])
Duplicate Abstraction,ArcGIS4LocalGovernment,LastValueEntry,D:\research\architectureSmells\repos\Esri_local-government-desktop-addins\Attribute Assistant Add In\AttributeAssistantAddIn\AttributeAssistantEditorExtension.cs,The tool detected the smell in this class because a set of code clones has been found and at least one of the clones found in this class. List of code clones with start and end line numbers are:  LastValueEntry (D:\research\architectureSmells\repos\Esri_local-government-desktop-addins\Attribute Assistant Add In\AttributeAssistantAddIn\AttributeAssistantEditorExtension.cs' [11500' 11537])' LastValueEntry (D:\research\architectureSmells\repos\Esri_local-government-desktop-addins\Attribute Assistant Add In\AttributeAssistantAddIn\AttributeAssistantEditorExtension.cs' [13325' 13362])
Duplicate Abstraction,ArcGIS4LocalGovernment,LastValueEntry,D:\research\architectureSmells\repos\Esri_local-government-desktop-addins\Attribute Assistant Add In\AttributeAssistantAddIn\AttributeAssistantEditorExtension.cs,The tool detected the smell in this class because a set of code clones has been found and at least one of the clones found in this class. List of code clones with start and end line numbers are:  LastValueEntry (D:\research\architectureSmells\repos\Esri_local-government-desktop-addins\Attribute Assistant Add In\AttributeAssistantAddIn\AttributeAssistantEditorExtension.cs' [13677' 13706])' LastValueEntry (D:\research\architectureSmells\repos\Esri_local-government-desktop-addins\Attribute Assistant Add In\AttributeAssistantAddIn\AttributeAssistantEditorExtension.cs' [13897' 13926])' LastValueEntry (D:\research\architectureSmells\repos\Esri_local-government-desktop-addins\Attribute Assistant Add In\AttributeAssistantAddIn\AttributeAssistantEditorExtension.cs' [14316' 14345])
Duplicate Abstraction,ArcGIS4LocalGovernment,LastValueEntry,D:\research\architectureSmells\repos\Esri_local-government-desktop-addins\Attribute Assistant Add In\AttributeAssistantAddIn\AttributeAssistantEditorExtension.cs,The tool detected the smell in this class because a set of code clones has been found and at least one of the clones found in this class. List of code clones with start and end line numbers are:  LastValueEntry (D:\research\architectureSmells\repos\Esri_local-government-desktop-addins\Attribute Assistant Add In\AttributeAssistantAddIn\AttributeAssistantEditorExtension.cs' [4157' 4220])' LastValueEntry (D:\research\architectureSmells\repos\Esri_local-government-desktop-addins\Attribute Assistant Add In\AttributeAssistantAddIn\AttributeAssistantEditorExtension.cs' [4347' 4410])
Duplicate Abstraction,ArcGIS4LocalGovernment,LastValueEntry,D:\research\architectureSmells\repos\Esri_local-government-desktop-addins\Attribute Assistant Add In\AttributeAssistantAddIn\AttributeAssistantEditorExtension.cs,The tool detected the smell in this class because a set of code clones has been found and at least one of the clones found in this class. List of code clones with start and end line numbers are:  LastValueEntry (D:\research\architectureSmells\repos\Esri_local-government-desktop-addins\Attribute Assistant Add In\AttributeAssistantAddIn\AttributeAssistantEditorExtension.cs' [4185' 4220])' LastValueEntry (D:\research\architectureSmells\repos\Esri_local-government-desktop-addins\Attribute Assistant Add In\AttributeAssistantAddIn\AttributeAssistantEditorExtension.cs' [5455' 5490])' LastValueEntry (D:\research\architectureSmells\repos\Esri_local-government-desktop-addins\Attribute Assistant Add In\AttributeAssistantAddIn\AttributeAssistantEditorExtension.cs' [4375' 4410])
Duplicate Abstraction,ArcGIS4LocalGovernment,LastValueEntry,D:\research\architectureSmells\repos\Esri_local-government-desktop-addins\Attribute Assistant Add In\AttributeAssistantAddIn\AttributeAssistantEditorExtension.cs,The tool detected the smell in this class because a set of code clones has been found and at least one of the clones found in this class. List of code clones with start and end line numbers are:  LastValueEntry (D:\research\architectureSmells\repos\Esri_local-government-desktop-addins\Attribute Assistant Add In\AttributeAssistantAddIn\AttributeAssistantEditorExtension.cs' [4186' 4205])' LastValueEntry (D:\research\architectureSmells\repos\Esri_local-government-desktop-addins\Attribute Assistant Add In\AttributeAssistantAddIn\AttributeAssistantEditorExtension.cs' [4376' 4395])' LastValueEntry (D:\research\architectureSmells\repos\Esri_local-government-desktop-addins\Attribute Assistant Add In\AttributeAssistantAddIn\AttributeAssistantEditorExtension.cs' [5456' 5475])' LastValueEntry (D:\research\architectureSmells\repos\Esri_local-government-desktop-addins\Attribute Assistant Add In\AttributeAssistantAddIn\AttributeAssistantEditorExtension.cs' [16062' 16081])
Duplicate Abstraction,ArcGIS4LocalGovernment,LastValueEntry,D:\research\architectureSmells\repos\Esri_local-government-desktop-addins\Attribute Assistant Add In\AttributeAssistantAddIn\AttributeAssistantEditorExtension.cs,The tool detected the smell in this class because a set of code clones has been found and at least one of the clones found in this class. List of code clones with start and end line numbers are:  LastValueEntry (D:\research\architectureSmells\repos\Esri_local-government-desktop-addins\Attribute Assistant Add In\AttributeAssistantAddIn\AttributeAssistantEditorExtension.cs' [4186' 4220])' LastValueEntry (D:\research\architectureSmells\repos\Esri_local-government-desktop-addins\Attribute Assistant Add In\AttributeAssistantAddIn\AttributeAssistantEditorExtension.cs' [16062' 16096])' LastValueEntry (D:\research\architectureSmells\repos\Esri_local-government-desktop-addins\Attribute Assistant Add In\AttributeAssistantAddIn\AttributeAssistantEditorExtension.cs' [4376' 4410])' LastValueEntry (D:\research\architectureSmells\repos\Esri_local-government-desktop-addins\Attribute Assistant Add In\AttributeAssistantAddIn\AttributeAssistantEditorExtension.cs' [5456' 5490])
Duplicate Abstraction,ArcGIS4LocalGovernment,LastValueEntry,D:\research\architectureSmells\repos\Esri_local-government-desktop-addins\Attribute Assistant Add In\AttributeAssistantAddIn\AttributeAssistantEditorExtension.cs,The tool detected the smell in this class because a set of code clones has been found and at least one of the clones found in this class. List of code clones with start and end line numbers are:  LastValueEntry (D:\research\architectureSmells\repos\Esri_local-government-desktop-addins\Attribute Assistant Add In\AttributeAssistantAddIn\AttributeAssistantEditorExtension.cs' [4257' 4310])' LastValueEntry (D:\research\architectureSmells\repos\Esri_local-government-desktop-addins\Attribute Assistant Add In\AttributeAssistantAddIn\AttributeAssistantEditorExtension.cs' [4431' 4484])
Duplicate Abstraction,ArcGIS4LocalGovernment,LastValueEntry,D:\research\architectureSmells\repos\Esri_local-government-desktop-addins\Attribute Assistant Add In\AttributeAssistantAddIn\AttributeAssistantEditorExtension.cs,The tool detected the smell in this class because a set of code clones has been found and at least one of the clones found in this class. List of code clones with start and end line numbers are:  LastValueEntry (D:\research\architectureSmells\repos\Esri_local-government-desktop-addins\Attribute Assistant Add In\AttributeAssistantAddIn\AttributeAssistantEditorExtension.cs' [4991' 5065])' LastValueEntry (D:\research\architectureSmells\repos\Esri_local-government-desktop-addins\Attribute Assistant Add In\AttributeAssistantAddIn\AttributeAssistantEditorExtension.cs' [9529' 9603])' LastValueEntry (D:\research\architectureSmells\repos\Esri_local-government-desktop-addins\Attribute Assistant Add In\AttributeAssistantAddIn\AttributeAssistantEditorExtension.cs' [9794' 9868])' LastValueEntry (D:\research\architectureSmells\repos\Esri_local-government-desktop-addins\Attribute Assistant Add In\AttributeAssistantAddIn\AttributeAssistantEditorExtension.cs' [14480' 14554])
Duplicate Abstraction,ArcGIS4LocalGovernment,LastValueEntry,D:\research\architectureSmells\repos\Esri_local-government-desktop-addins\Attribute Assistant Add In\AttributeAssistantAddIn\AttributeAssistantEditorExtension.cs,The tool detected the smell in this class because a set of code clones has been found and at least one of the clones found in this class. List of code clones with start and end line numbers are:  LastValueEntry (D:\research\architectureSmells\repos\Esri_local-government-desktop-addins\Attribute Assistant Add In\AttributeAssistantAddIn\AttributeAssistantEditorExtension.cs' [4991' 5035])' LastValueEntry (D:\research\architectureSmells\repos\Esri_local-government-desktop-addins\Attribute Assistant Add In\AttributeAssistantAddIn\AttributeAssistantEditorExtension.cs' [9794' 9838])' LastValueEntry (D:\research\architectureSmells\repos\Esri_local-government-desktop-addins\Attribute Assistant Add In\AttributeAssistantAddIn\AttributeAssistantEditorExtension.cs' [14480' 14524])' LastValueEntry (D:\research\architectureSmells\repos\Esri_local-government-desktop-addins\Attribute Assistant Add In\AttributeAssistantAddIn\AttributeAssistantEditorExtension.cs' [9529' 9573])' LastValueEntry (D:\research\architectureSmells\repos\Esri_local-government-desktop-addins\Attribute Assistant Add In\AttributeAssistantAddIn\AttributeAssistantEditorExtension.cs' [10059' 10103])' LastValueEntry (D:\research\architectureSmells\repos\Esri_local-government-desktop-addins\Attribute Assistant Add In\AttributeAssistantAddIn\AttributeAssistantEditorExtension.cs' [14088' 14132])
Duplicate Abstraction,ArcGIS4LocalGovernment,LastValueEntry,D:\research\architectureSmells\repos\Esri_local-government-desktop-addins\Attribute Assistant Add In\AttributeAssistantAddIn\AttributeAssistantEditorExtension.cs,The tool detected the smell in this class because a set of code clones has been found and at least one of the clones found in this class. List of code clones with start and end line numbers are:  LastValueEntry (D:\research\architectureSmells\repos\Esri_local-government-desktop-addins\Attribute Assistant Add In\AttributeAssistantAddIn\AttributeAssistantEditorExtension.cs' [4991' 5049])' LastValueEntry (D:\research\architectureSmells\repos\Esri_local-government-desktop-addins\Attribute Assistant Add In\AttributeAssistantAddIn\AttributeAssistantEditorExtension.cs' [10059' 10117])' LastValueEntry (D:\research\architectureSmells\repos\Esri_local-government-desktop-addins\Attribute Assistant Add In\AttributeAssistantAddIn\AttributeAssistantEditorExtension.cs' [9529' 9587])' LastValueEntry (D:\research\architectureSmells\repos\Esri_local-government-desktop-addins\Attribute Assistant Add In\AttributeAssistantAddIn\AttributeAssistantEditorExtension.cs' [14088' 14146])
Duplicate Abstraction,ArcGIS4LocalGovernment,LastValueEntry,D:\research\architectureSmells\repos\Esri_local-government-desktop-addins\Attribute Assistant Add In\AttributeAssistantAddIn\AttributeAssistantEditorExtension.cs,The tool detected the smell in this class because a set of code clones has been found and at least one of the clones found in this class. List of code clones with start and end line numbers are:  LastValueEntry (D:\research\architectureSmells\repos\Esri_local-government-desktop-addins\Attribute Assistant Add In\AttributeAssistantAddIn\AttributeAssistantEditorExtension.cs' [4991' 5064])' LastValueEntry (D:\research\architectureSmells\repos\Esri_local-government-desktop-addins\Attribute Assistant Add In\AttributeAssistantAddIn\AttributeAssistantEditorExtension.cs' [14088' 14161])' LastValueEntry (D:\research\architectureSmells\repos\Esri_local-government-desktop-addins\Attribute Assistant Add In\AttributeAssistantAddIn\AttributeAssistantEditorExtension.cs' [9529' 9602])
Duplicate Abstraction,ArcGIS4LocalGovernment,LastValueEntry,D:\research\architectureSmells\repos\Esri_local-government-desktop-addins\Attribute Assistant Add In\AttributeAssistantAddIn\AttributeAssistantEditorExtension.cs,The tool detected the smell in this class because a set of code clones has been found and at least one of the clones found in this class. List of code clones with start and end line numbers are:  LastValueEntry (D:\research\architectureSmells\repos\Esri_local-government-desktop-addins\Attribute Assistant Add In\AttributeAssistantAddIn\AttributeAssistantEditorExtension.cs' [4995' 5014])' LastValueEntry (D:\research\architectureSmells\repos\Esri_local-government-desktop-addins\Attribute Assistant Add In\AttributeAssistantAddIn\AttributeAssistantEditorExtension.cs' [9533' 9552])' LastValueEntry (D:\research\architectureSmells\repos\Esri_local-government-desktop-addins\Attribute Assistant Add In\AttributeAssistantAddIn\AttributeAssistantEditorExtension.cs' [9798' 9817])' LastValueEntry (D:\research\architectureSmells\repos\Esri_local-government-desktop-addins\Attribute Assistant Add In\AttributeAssistantAddIn\AttributeAssistantEditorExtension.cs' [10063' 10082])' LastValueEntry (D:\research\architectureSmells\repos\Esri_local-government-desktop-addins\Attribute Assistant Add In\AttributeAssistantAddIn\AttributeAssistantEditorExtension.cs' [13993' 14012])' LastValueEntry (D:\research\architectureSmells\repos\Esri_local-government-desktop-addins\Attribute Assistant Add In\AttributeAssistantAddIn\AttributeAssistantEditorExtension.cs' [14092' 14111])' LastValueEntry (D:\research\architectureSmells\repos\Esri_local-government-desktop-addins\Attribute Assistant Add In\AttributeAssistantAddIn\AttributeAssistantEditorExtension.cs' [14484' 14503])
Duplicate Abstraction,ArcGIS4LocalGovernment,LastValueEntry,D:\research\architectureSmells\repos\Esri_local-government-desktop-addins\Attribute Assistant Add In\AttributeAssistantAddIn\AttributeAssistantEditorExtension.cs,The tool detected the smell in this class because a set of code clones has been found and at least one of the clones found in this class. List of code clones with start and end line numbers are:  LastValueEntry (D:\research\architectureSmells\repos\Esri_local-government-desktop-addins\Attribute Assistant Add In\AttributeAssistantAddIn\AttributeAssistantEditorExtension.cs' [4995' 5066])' LastValueEntry (D:\research\architectureSmells\repos\Esri_local-government-desktop-addins\Attribute Assistant Add In\AttributeAssistantAddIn\AttributeAssistantEditorExtension.cs' [13993' 14064])
Duplicate Abstraction,ArcGIS4LocalGovernment,LastValueEntry,D:\research\architectureSmells\repos\Esri_local-government-desktop-addins\Attribute Assistant Add In\AttributeAssistantAddIn\AttributeAssistantEditorExtension.cs,The tool detected the smell in this class because a set of code clones has been found and at least one of the clones found in this class. List of code clones with start and end line numbers are:  LastValueEntry (D:\research\architectureSmells\repos\Esri_local-government-desktop-addins\Attribute Assistant Add In\AttributeAssistantAddIn\AttributeAssistantEditorExtension.cs' [9533' 9603])' LastValueEntry (D:\research\architectureSmells\repos\Esri_local-government-desktop-addins\Attribute Assistant Add In\AttributeAssistantAddIn\AttributeAssistantEditorExtension.cs' [13993' 14063])
Duplicate Abstraction,ArcGIS4LocalGovernment,LastValueEntry,D:\research\architectureSmells\repos\Esri_local-government-desktop-addins\Attribute Assistant Add In\AttributeAssistantAddIn\AttributeAssistantEditorExtension.cs,The tool detected the smell in this class because a set of code clones has been found and at least one of the clones found in this class. List of code clones with start and end line numbers are:  LastValueEntry (D:\research\architectureSmells\repos\Esri_local-government-desktop-addins\Attribute Assistant Add In\AttributeAssistantAddIn\AttributeAssistantEditorExtension.cs' [9798' 9838])' LastValueEntry (D:\research\architectureSmells\repos\Esri_local-government-desktop-addins\Attribute Assistant Add In\AttributeAssistantAddIn\AttributeAssistantEditorExtension.cs' [13993' 14033])' LastValueEntry (D:\research\architectureSmells\repos\Esri_local-government-desktop-addins\Attribute Assistant Add In\AttributeAssistantAddIn\AttributeAssistantEditorExtension.cs' [14484' 14524])
Duplicate Abstraction,ArcGIS4LocalGovernment,LastValueEntry,D:\research\architectureSmells\repos\Esri_local-government-desktop-addins\Attribute Assistant Add In\AttributeAssistantAddIn\AttributeAssistantEditorExtension.cs,The tool detected the smell in this class because a set of code clones has been found and at least one of the clones found in this class. List of code clones with start and end line numbers are:  LastValueEntry (D:\research\architectureSmells\repos\Esri_local-government-desktop-addins\Attribute Assistant Add In\AttributeAssistantAddIn\AttributeAssistantEditorExtension.cs' [10063' 10117])' LastValueEntry (D:\research\architectureSmells\repos\Esri_local-government-desktop-addins\Attribute Assistant Add In\AttributeAssistantAddIn\AttributeAssistantEditorExtension.cs' [13993' 14047])
Duplicate Abstraction,ArcGIS4LocalGovernment,LastValueEntry,D:\research\architectureSmells\repos\Esri_local-government-desktop-addins\Attribute Assistant Add In\AttributeAssistantAddIn\AttributeAssistantEditorExtension.cs,The tool detected the smell in this class because a set of code clones has been found and at least one of the clones found in this class. List of code clones with start and end line numbers are:  LastValueEntry (D:\research\architectureSmells\repos\Esri_local-government-desktop-addins\Attribute Assistant Add In\AttributeAssistantAddIn\AttributeAssistantEditorExtension.cs' [13993' 14062])' LastValueEntry (D:\research\architectureSmells\repos\Esri_local-government-desktop-addins\Attribute Assistant Add In\AttributeAssistantAddIn\AttributeAssistantEditorExtension.cs' [14092' 14161])
Duplicate Abstraction,ArcGIS4LocalGovernment,LastValueEntry,D:\research\architectureSmells\repos\Esri_local-government-desktop-addins\Attribute Assistant Add In\AttributeAssistantAddIn\AttributeAssistantEditorExtension.cs,The tool detected the smell in this class because a set of code clones has been found and at least one of the clones found in this class. List of code clones with start and end line numbers are:  LastValueEntry (D:\research\architectureSmells\repos\Esri_local-government-desktop-addins\Attribute Assistant Add In\AttributeAssistantAddIn\AttributeAssistantEditorExtension.cs' [5035' 5054])' LastValueEntry (D:\research\architectureSmells\repos\Esri_local-government-desktop-addins\Attribute Assistant Add In\AttributeAssistantAddIn\AttributeAssistantEditorExtension.cs' [9573' 9592])' LastValueEntry (D:\research\architectureSmells\repos\Esri_local-government-desktop-addins\Attribute Assistant Add In\AttributeAssistantAddIn\AttributeAssistantEditorExtension.cs' [9839' 9858])' LastValueEntry (D:\research\architectureSmells\repos\Esri_local-government-desktop-addins\Attribute Assistant Add In\AttributeAssistantAddIn\AttributeAssistantEditorExtension.cs' [14033' 14052])' LastValueEntry (D:\research\architectureSmells\repos\Esri_local-government-desktop-addins\Attribute Assistant Add In\AttributeAssistantAddIn\AttributeAssistantEditorExtension.cs' [14132' 14151])' LastValueEntry (D:\research\architectureSmells\repos\Esri_local-government-desktop-addins\Attribute Assistant Add In\AttributeAssistantAddIn\AttributeAssistantEditorExtension.cs' [14525' 14544])
Duplicate Abstraction,ArcGIS4LocalGovernment,LastValueEntry,D:\research\architectureSmells\repos\Esri_local-government-desktop-addins\Attribute Assistant Add In\AttributeAssistantAddIn\AttributeAssistantEditorExtension.cs,The tool detected the smell in this class because a set of code clones has been found and at least one of the clones found in this class. List of code clones with start and end line numbers are:  LastValueEntry (D:\research\architectureSmells\repos\Esri_local-government-desktop-addins\Attribute Assistant Add In\AttributeAssistantAddIn\AttributeAssistantEditorExtension.cs' [5035' 5055])' LastValueEntry (D:\research\architectureSmells\repos\Esri_local-government-desktop-addins\Attribute Assistant Add In\AttributeAssistantAddIn\AttributeAssistantEditorExtension.cs' [9839' 9859])' LastValueEntry (D:\research\architectureSmells\repos\Esri_local-government-desktop-addins\Attribute Assistant Add In\AttributeAssistantAddIn\AttributeAssistantEditorExtension.cs' [14525' 14545])' LastValueEntry (D:\research\architectureSmells\repos\Esri_local-government-desktop-addins\Attribute Assistant Add In\AttributeAssistantAddIn\AttributeAssistantEditorExtension.cs' [9573' 9593])' LastValueEntry (D:\research\architectureSmells\repos\Esri_local-government-desktop-addins\Attribute Assistant Add In\AttributeAssistantAddIn\AttributeAssistantEditorExtension.cs' [14033' 14053])' LastValueEntry (D:\research\architectureSmells\repos\Esri_local-government-desktop-addins\Attribute Assistant Add In\AttributeAssistantAddIn\AttributeAssistantEditorExtension.cs' [14132' 14152])
Duplicate Abstraction,ArcGIS4LocalGovernment,LastValueEntry,D:\research\architectureSmells\repos\Esri_local-government-desktop-addins\Attribute Assistant Add In\AttributeAssistantAddIn\AttributeAssistantEditorExtension.cs,The tool detected the smell in this class because a set of code clones has been found and at least one of the clones found in this class. List of code clones with start and end line numbers are:  LastValueEntry (D:\research\architectureSmells\repos\Esri_local-government-desktop-addins\Attribute Assistant Add In\AttributeAssistantAddIn\AttributeAssistantEditorExtension.cs' [5065' 5116])' LastValueEntry (D:\research\architectureSmells\repos\Esri_local-government-desktop-addins\Attribute Assistant Add In\AttributeAssistantAddIn\AttributeAssistantEditorExtension.cs' [14559' 14610])
Duplicate Abstraction,ArcGIS4LocalGovernment,LastValueEntry,D:\research\architectureSmells\repos\Esri_local-government-desktop-addins\Attribute Assistant Add In\AttributeAssistantAddIn\AttributeAssistantEditorExtension.cs,The tool detected the smell in this class because a set of code clones has been found and at least one of the clones found in this class. List of code clones with start and end line numbers are:  LastValueEntry (D:\research\architectureSmells\repos\Esri_local-government-desktop-addins\Attribute Assistant Add In\AttributeAssistantAddIn\AttributeAssistantEditorExtension.cs' [5067' 5116])' LastValueEntry (D:\research\architectureSmells\repos\Esri_local-government-desktop-addins\Attribute Assistant Add In\AttributeAssistantAddIn\AttributeAssistantEditorExtension.cs' [9616' 9665])' LastValueEntry (D:\research\architectureSmells\repos\Esri_local-government-desktop-addins\Attribute Assistant Add In\AttributeAssistantAddIn\AttributeAssistantEditorExtension.cs' [10144' 10193])
Duplicate Abstraction,ArcGIS4LocalGovernment,LastValueEntry,D:\research\architectureSmells\repos\Esri_local-government-desktop-addins\Attribute Assistant Add In\AttributeAssistantAddIn\AttributeAssistantEditorExtension.cs,The tool detected the smell in this class because a set of code clones has been found and at least one of the clones found in this class. List of code clones with start and end line numbers are:  LastValueEntry (D:\research\architectureSmells\repos\Esri_local-government-desktop-addins\Attribute Assistant Add In\AttributeAssistantAddIn\AttributeAssistantEditorExtension.cs' [9616' 9688])' LastValueEntry (D:\research\architectureSmells\repos\Esri_local-government-desktop-addins\Attribute Assistant Add In\AttributeAssistantAddIn\AttributeAssistantEditorExtension.cs' [10144' 10216])
Duplicate Abstraction,ArcGIS4LocalGovernment,LastValueEntry,D:\research\architectureSmells\repos\Esri_local-government-desktop-addins\Attribute Assistant Add In\AttributeAssistantAddIn\AttributeAssistantEditorExtension.cs,The tool detected the smell in this class because a set of code clones has been found and at least one of the clones found in this class. List of code clones with start and end line numbers are:  LastValueEntry (D:\research\architectureSmells\repos\Esri_local-government-desktop-addins\Attribute Assistant Add In\AttributeAssistantAddIn\AttributeAssistantEditorExtension.cs' [9616' 9669])' LastValueEntry (D:\research\architectureSmells\repos\Esri_local-government-desktop-addins\Attribute Assistant Add In\AttributeAssistantAddIn\AttributeAssistantEditorExtension.cs' [14561' 14614])' LastValueEntry (D:\research\architectureSmells\repos\Esri_local-government-desktop-addins\Attribute Assistant Add In\AttributeAssistantAddIn\AttributeAssistantEditorExtension.cs' [10144' 10197])
Duplicate Abstraction,ArcGIS4LocalGovernment,LastValueEntry,D:\research\architectureSmells\repos\Esri_local-government-desktop-addins\Attribute Assistant Add In\AttributeAssistantAddIn\AttributeAssistantEditorExtension.cs,The tool detected the smell in this class because a set of code clones has been found and at least one of the clones found in this class. List of code clones with start and end line numbers are:  LastValueEntry (D:\research\architectureSmells\repos\Esri_local-government-desktop-addins\Attribute Assistant Add In\AttributeAssistantAddIn\AttributeAssistantEditorExtension.cs' [5069' 5088])' LastValueEntry (D:\research\architectureSmells\repos\Esri_local-government-desktop-addins\Attribute Assistant Add In\AttributeAssistantAddIn\AttributeAssistantEditorExtension.cs' [9618' 9637])' LastValueEntry (D:\research\architectureSmells\repos\Esri_local-government-desktop-addins\Attribute Assistant Add In\AttributeAssistantAddIn\AttributeAssistantEditorExtension.cs' [9888' 9907])' LastValueEntry (D:\research\architectureSmells\repos\Esri_local-government-desktop-addins\Attribute Assistant Add In\AttributeAssistantAddIn\AttributeAssistantEditorExtension.cs' [10146' 10165])' LastValueEntry (D:\research\architectureSmells\repos\Esri_local-government-desktop-addins\Attribute Assistant Add In\AttributeAssistantAddIn\AttributeAssistantEditorExtension.cs' [14192' 14211])' LastValueEntry (D:\research\architectureSmells\repos\Esri_local-government-desktop-addins\Attribute Assistant Add In\AttributeAssistantAddIn\AttributeAssistantEditorExtension.cs' [14563' 14582])
Duplicate Abstraction,ArcGIS4LocalGovernment,LastValueEntry,D:\research\architectureSmells\repos\Esri_local-government-desktop-addins\Attribute Assistant Add In\AttributeAssistantAddIn\AttributeAssistantEditorExtension.cs,The tool detected the smell in this class because a set of code clones has been found and at least one of the clones found in this class. List of code clones with start and end line numbers are:  LastValueEntry (D:\research\architectureSmells\repos\Esri_local-government-desktop-addins\Attribute Assistant Add In\AttributeAssistantAddIn\AttributeAssistantEditorExtension.cs' [5069' 5116])' LastValueEntry (D:\research\architectureSmells\repos\Esri_local-government-desktop-addins\Attribute Assistant Add In\AttributeAssistantAddIn\AttributeAssistantEditorExtension.cs' [9888' 9935])' LastValueEntry (D:\research\architectureSmells\repos\Esri_local-government-desktop-addins\Attribute Assistant Add In\AttributeAssistantAddIn\AttributeAssistantEditorExtension.cs' [14192' 14239])
Duplicate Abstraction,ArcGIS4LocalGovernment,LastValueEntry,D:\research\architectureSmells\repos\Esri_local-government-desktop-addins\Attribute Assistant Add In\AttributeAssistantAddIn\AttributeAssistantEditorExtension.cs,The tool detected the smell in this class because a set of code clones has been found and at least one of the clones found in this class. List of code clones with start and end line numbers are:  LastValueEntry (D:\research\architectureSmells\repos\Esri_local-government-desktop-addins\Attribute Assistant Add In\AttributeAssistantAddIn\AttributeAssistantEditorExtension.cs' [9618' 9688])' LastValueEntry (D:\research\architectureSmells\repos\Esri_local-government-desktop-addins\Attribute Assistant Add In\AttributeAssistantAddIn\AttributeAssistantEditorExtension.cs' [9888' 9958])' LastValueEntry (D:\research\architectureSmells\repos\Esri_local-government-desktop-addins\Attribute Assistant Add In\AttributeAssistantAddIn\AttributeAssistantEditorExtension.cs' [10146' 10216])
Duplicate Abstraction,ArcGIS4LocalGovernment,LastValueEntry,D:\research\architectureSmells\repos\Esri_local-government-desktop-addins\Attribute Assistant Add In\AttributeAssistantAddIn\AttributeAssistantEditorExtension.cs,The tool detected the smell in this class because a set of code clones has been found and at least one of the clones found in this class. List of code clones with start and end line numbers are:  LastValueEntry (D:\research\architectureSmells\repos\Esri_local-government-desktop-addins\Attribute Assistant Add In\AttributeAssistantAddIn\AttributeAssistantEditorExtension.cs' [9618' 9669])' LastValueEntry (D:\research\architectureSmells\repos\Esri_local-government-desktop-addins\Attribute Assistant Add In\AttributeAssistantAddIn\AttributeAssistantEditorExtension.cs' [14192' 14243])' LastValueEntry (D:\research\architectureSmells\repos\Esri_local-government-desktop-addins\Attribute Assistant Add In\AttributeAssistantAddIn\AttributeAssistantEditorExtension.cs' [9888' 9939])' LastValueEntry (D:\research\architectureSmells\repos\Esri_local-government-desktop-addins\Attribute Assistant Add In\AttributeAssistantAddIn\AttributeAssistantEditorExtension.cs' [14563' 14614])' LastValueEntry (D:\research\architectureSmells\repos\Esri_local-government-desktop-addins\Attribute Assistant Add In\AttributeAssistantAddIn\AttributeAssistantEditorExtension.cs' [10146' 10197])
Duplicate Abstraction,ArcGIS4LocalGovernment,LastValueEntry,D:\research\architectureSmells\repos\Esri_local-government-desktop-addins\Attribute Assistant Add In\AttributeAssistantAddIn\AttributeAssistantEditorExtension.cs,The tool detected the smell in this class because a set of code clones has been found and at least one of the clones found in this class. List of code clones with start and end line numbers are:  LastValueEntry (D:\research\architectureSmells\repos\Esri_local-government-desktop-addins\Attribute Assistant Add In\AttributeAssistantAddIn\AttributeAssistantEditorExtension.cs' [14192' 14258])' LastValueEntry (D:\research\architectureSmells\repos\Esri_local-government-desktop-addins\Attribute Assistant Add In\AttributeAssistantAddIn\AttributeAssistantEditorExtension.cs' [14563' 14629])
Duplicate Abstraction,ArcGIS4LocalGovernment,LastValueEntry,D:\research\architectureSmells\repos\Esri_local-government-desktop-addins\Attribute Assistant Add In\AttributeAssistantAddIn\AttributeAssistantEditorExtension.cs,The tool detected the smell in this class because a set of code clones has been found and at least one of the clones found in this class. List of code clones with start and end line numbers are:  LastValueEntry (D:\research\architectureSmells\repos\Esri_local-government-desktop-addins\Attribute Assistant Add In\AttributeAssistantAddIn\AttributeAssistantEditorExtension.cs' [5519' 5541])' LastValueEntry (D:\research\architectureSmells\repos\Esri_local-government-desktop-addins\Attribute Assistant Add In\AttributeAssistantAddIn\AttributeAssistantEditorExtension.cs' [13718' 13740])' LastValueEntry (D:\research\architectureSmells\repos\Esri_local-government-desktop-addins\Attribute Assistant Add In\AttributeAssistantAddIn\AttributeAssistantEditorExtension.cs' [16128' 16150])' LastValueEntry (D:\research\architectureSmells\repos\Esri_local-government-desktop-addins\Attribute Assistant Add In\AttributeAssistantAddIn\AttributeAssistantEditorExtension.cs' [15277' 15299])' LastValueEntry (D:\research\architectureSmells\repos\Esri_local-government-desktop-addins\Attribute Assistant Add In\AttributeAssistantAddIn\AttributeAssistantEditorExtension.cs' [15656' 15678])
Duplicate Abstraction,ArcGIS4LocalGovernment,LastValueEntry,D:\research\architectureSmells\repos\Esri_local-government-desktop-addins\Attribute Assistant Add In\AttributeAssistantAddIn\AttributeAssistantEditorExtension.cs,The tool detected the smell in this class because a set of code clones has been found and at least one of the clones found in this class. List of code clones with start and end line numbers are:  LastValueEntry (D:\research\architectureSmells\repos\Esri_local-government-desktop-addins\Attribute Assistant Add In\AttributeAssistantAddIn\AttributeAssistantEditorExtension.cs' [5519' 5538])' LastValueEntry (D:\research\architectureSmells\repos\Esri_local-government-desktop-addins\Attribute Assistant Add In\AttributeAssistantAddIn\AttributeAssistantEditorExtension.cs' [15277' 15296])' LastValueEntry (D:\research\architectureSmells\repos\Esri_local-government-desktop-addins\Attribute Assistant Add In\AttributeAssistantAddIn\AttributeAssistantEditorExtension.cs' [15656' 15675])' LastValueEntry (D:\research\architectureSmells\repos\Esri_local-government-desktop-addins\Attribute Assistant Add In\AttributeAssistantAddIn\AttributeAssistantEditorExtension.cs' [13718' 13737])' LastValueEntry (D:\research\architectureSmells\repos\Esri_local-government-desktop-addins\Attribute Assistant Add In\AttributeAssistantAddIn\AttributeAssistantEditorExtension.cs' [16128' 16147])
Duplicate Abstraction,ArcGIS4LocalGovernment,LastValueEntry,D:\research\architectureSmells\repos\Esri_local-government-desktop-addins\Attribute Assistant Add In\AttributeAssistantAddIn\AttributeAssistantEditorExtension.cs,The tool detected the smell in this class because a set of code clones has been found and at least one of the clones found in this class. List of code clones with start and end line numbers are:  LastValueEntry (D:\research\architectureSmells\repos\Esri_local-government-desktop-addins\Attribute Assistant Add In\AttributeAssistantAddIn\AttributeAssistantEditorExtension.cs' [13718' 13742])' LastValueEntry (D:\research\architectureSmells\repos\Esri_local-government-desktop-addins\Attribute Assistant Add In\AttributeAssistantAddIn\AttributeAssistantEditorExtension.cs' [16128' 16152])
Duplicate Abstraction,ArcGIS4LocalGovernment,LastValueEntry,D:\research\architectureSmells\repos\Esri_local-government-desktop-addins\Attribute Assistant Add In\AttributeAssistantAddIn\AttributeAssistantEditorExtension.cs,The tool detected the smell in this class because a set of code clones has been found and at least one of the clones found in this class. List of code clones with start and end line numbers are:  LastValueEntry (D:\research\architectureSmells\repos\Esri_local-government-desktop-addins\Attribute Assistant Add In\AttributeAssistantAddIn\AttributeAssistantEditorExtension.cs' [5682' 5701])' LastValueEntry (D:\research\architectureSmells\repos\Esri_local-government-desktop-addins\Attribute Assistant Add In\AttributeAssistantAddIn\AttributeAssistantEditorExtension.cs' [11499' 11518])' LastValueEntry (D:\research\architectureSmells\repos\Esri_local-government-desktop-addins\Attribute Assistant Add In\AttributeAssistantAddIn\AttributeAssistantEditorExtension.cs' [13324' 13343])' LastValueEntry (D:\research\architectureSmells\repos\Esri_local-government-desktop-addins\Attribute Assistant Add In\AttributeAssistantAddIn\AttributeAssistantEditorExtension.cs' [13676' 13695])' LastValueEntry (D:\research\architectureSmells\repos\Esri_local-government-desktop-addins\Attribute Assistant Add In\AttributeAssistantAddIn\AttributeAssistantEditorExtension.cs' [13896' 13915])' LastValueEntry (D:\research\architectureSmells\repos\Esri_local-government-desktop-addins\Attribute Assistant Add In\AttributeAssistantAddIn\AttributeAssistantEditorExtension.cs' [14315' 14334])
Duplicate Abstraction,ArcGIS4LocalGovernment,LastValueEntry,D:\research\architectureSmells\repos\Esri_local-government-desktop-addins\Attribute Assistant Add In\AttributeAssistantAddIn\AttributeAssistantEditorExtension.cs,The tool detected the smell in this class because a set of code clones has been found and at least one of the clones found in this class. List of code clones with start and end line numbers are:  LastValueEntry (D:\research\architectureSmells\repos\Esri_local-government-desktop-addins\Attribute Assistant Add In\AttributeAssistantAddIn\AttributeAssistantEditorExtension.cs' [5877' 5907])' LastValueEntry (D:\research\architectureSmells\repos\Esri_local-government-desktop-addins\Attribute Assistant Add In\AttributeAssistantAddIn\AttributeAssistantEditorExtension.cs' [5968' 5998])
Duplicate Abstraction,ArcGIS4LocalGovernment,LastValueEntry,D:\research\architectureSmells\repos\Esri_local-government-desktop-addins\Attribute Assistant Add In\AttributeAssistantAddIn\AttributeAssistantEditorExtension.cs,The tool detected the smell in this class because a set of code clones has been found and at least one of the clones found in this class. List of code clones with start and end line numbers are:  LastValueEntry (D:\research\architectureSmells\repos\Esri_local-government-desktop-addins\Attribute Assistant Add In\AttributeAssistantAddIn\AttributeAssistantEditorExtension.cs' [5877' 5897])' LastValueEntry (D:\research\architectureSmells\repos\Esri_local-government-desktop-addins\Attribute Assistant Add In\AttributeAssistantAddIn\AttributeAssistantEditorExtension.cs' [6055' 6075])' LastValueEntry (D:\research\architectureSmells\repos\Esri_local-government-desktop-addins\Attribute Assistant Add In\AttributeAssistantAddIn\AttributeAssistantEditorExtension.cs' [5968' 5988])
Duplicate Abstraction,ArcGIS4LocalGovernment,LastValueEntry,D:\research\architectureSmells\repos\Esri_local-government-desktop-addins\Attribute Assistant Add In\AttributeAssistantAddIn\AttributeAssistantEditorExtension.cs,The tool detected the smell in this class because a set of code clones has been found and at least one of the clones found in this class. List of code clones with start and end line numbers are:  LastValueEntry (D:\research\architectureSmells\repos\Esri_local-government-desktop-addins\Attribute Assistant Add In\AttributeAssistantAddIn\AttributeAssistantEditorExtension.cs' [5946' 5986])' LastValueEntry (D:\research\architectureSmells\repos\Esri_local-government-desktop-addins\Attribute Assistant Add In\AttributeAssistantAddIn\AttributeAssistantEditorExtension.cs' [6033' 6073])
Duplicate Abstraction,ArcGIS4LocalGovernment,LastValueEntry,D:\research\architectureSmells\repos\Esri_local-government-desktop-addins\Attribute Assistant Add In\AttributeAssistantAddIn\AttributeAssistantEditorExtension.cs,The tool detected the smell in this class because a set of code clones has been found and at least one of the clones found in this class. List of code clones with start and end line numbers are:  LastValueEntry (D:\research\architectureSmells\repos\Esri_local-government-desktop-addins\Attribute Assistant Add In\AttributeAssistantAddIn\AttributeAssistantEditorExtension.cs' [6650' 6670])' LastValueEntry (D:\research\architectureSmells\repos\Esri_local-government-desktop-addins\Attribute Assistant Add In\AttributeAssistantAddIn\AttributeAssistantEditorExtension.cs' [6677' 6697])
Duplicate Abstraction,ArcGIS4LocalGovernment,LastValueEntry,D:\research\architectureSmells\repos\Esri_local-government-desktop-addins\Attribute Assistant Add In\AttributeAssistantAddIn\AttributeAssistantEditorExtension.cs,The tool detected the smell in this class because a set of code clones has been found and at least one of the clones found in this class. List of code clones with start and end line numbers are:  LastValueEntry (D:\research\architectureSmells\repos\Esri_local-government-desktop-addins\Attribute Assistant Add In\AttributeAssistantAddIn\AttributeAssistantEditorExtension.cs' [9107' 9161])' LastValueEntry (D:\research\architectureSmells\repos\Esri_local-government-desktop-addins\Attribute Assistant Add In\AttributeAssistantAddIn\AttributeAssistantEditorExtension.cs' [9271' 9325])
Duplicate Abstraction,ArcGIS4LocalGovernment,LastValueEntry,D:\research\architectureSmells\repos\Esri_local-government-desktop-addins\Attribute Assistant Add In\AttributeAssistantAddIn\AttributeAssistantEditorExtension.cs,The tool detected the smell in this class because a set of code clones has been found and at least one of the clones found in this class. List of code clones with start and end line numbers are:  LastValueEntry (D:\research\architectureSmells\repos\Esri_local-government-desktop-addins\Attribute Assistant Add In\AttributeAssistantAddIn\AttributeAssistantEditorExtension.cs' [9109' 9161])' LastValueEntry (D:\research\architectureSmells\repos\Esri_local-government-desktop-addins\Attribute Assistant Add In\AttributeAssistantAddIn\AttributeAssistantEditorExtension.cs' [11072' 11124])' LastValueEntry (D:\research\architectureSmells\repos\Esri_local-government-desktop-addins\Attribute Assistant Add In\AttributeAssistantAddIn\AttributeAssistantEditorExtension.cs' [9273' 9325])' LastValueEntry (D:\research\architectureSmells\repos\Esri_local-government-desktop-addins\Attribute Assistant Add In\AttributeAssistantAddIn\AttributeAssistantEditorExtension.cs' [11253' 11305])
Duplicate Abstraction,ArcGIS4LocalGovernment,LastValueEntry,D:\research\architectureSmells\repos\Esri_local-government-desktop-addins\Attribute Assistant Add In\AttributeAssistantAddIn\AttributeAssistantEditorExtension.cs,The tool detected the smell in this class because a set of code clones has been found and at least one of the clones found in this class. List of code clones with start and end line numbers are:  LastValueEntry (D:\research\architectureSmells\repos\Esri_local-government-desktop-addins\Attribute Assistant Add In\AttributeAssistantAddIn\AttributeAssistantEditorExtension.cs' [9109' 9207])' LastValueEntry (D:\research\architectureSmells\repos\Esri_local-government-desktop-addins\Attribute Assistant Add In\AttributeAssistantAddIn\AttributeAssistantEditorExtension.cs' [11253' 11351])
Duplicate Abstraction,ArcGIS4LocalGovernment,LastValueEntry,D:\research\architectureSmells\repos\Esri_local-government-desktop-addins\Attribute Assistant Add In\AttributeAssistantAddIn\AttributeAssistantEditorExtension.cs,The tool detected the smell in this class because a set of code clones has been found and at least one of the clones found in this class. List of code clones with start and end line numbers are:  LastValueEntry (D:\research\architectureSmells\repos\Esri_local-government-desktop-addins\Attribute Assistant Add In\AttributeAssistantAddIn\AttributeAssistantEditorExtension.cs' [9273' 9344])' LastValueEntry (D:\research\architectureSmells\repos\Esri_local-government-desktop-addins\Attribute Assistant Add In\AttributeAssistantAddIn\AttributeAssistantEditorExtension.cs' [11072' 11143])
Duplicate Abstraction,ArcGIS4LocalGovernment,LastValueEntry,D:\research\architectureSmells\repos\Esri_local-government-desktop-addins\Attribute Assistant Add In\AttributeAssistantAddIn\AttributeAssistantEditorExtension.cs,The tool detected the smell in this class because a set of code clones has been found and at least one of the clones found in this class. List of code clones with start and end line numbers are:  LastValueEntry (D:\research\architectureSmells\repos\Esri_local-government-desktop-addins\Attribute Assistant Add In\AttributeAssistantAddIn\AttributeAssistantEditorExtension.cs' [9118' 9137])' LastValueEntry (D:\research\architectureSmells\repos\Esri_local-government-desktop-addins\Attribute Assistant Add In\AttributeAssistantAddIn\AttributeAssistantEditorExtension.cs' [9282' 9301])' LastValueEntry (D:\research\architectureSmells\repos\Esri_local-government-desktop-addins\Attribute Assistant Add In\AttributeAssistantAddIn\AttributeAssistantEditorExtension.cs' [10476' 10495])' LastValueEntry (D:\research\architectureSmells\repos\Esri_local-government-desktop-addins\Attribute Assistant Add In\AttributeAssistantAddIn\AttributeAssistantEditorExtension.cs' [11081' 11100])' LastValueEntry (D:\research\architectureSmells\repos\Esri_local-government-desktop-addins\Attribute Assistant Add In\AttributeAssistantAddIn\AttributeAssistantEditorExtension.cs' [11262' 11281])
Duplicate Abstraction,ArcGIS4LocalGovernment,LastValueEntry,D:\research\architectureSmells\repos\Esri_local-government-desktop-addins\Attribute Assistant Add In\AttributeAssistantAddIn\AttributeAssistantEditorExtension.cs,The tool detected the smell in this class because a set of code clones has been found and at least one of the clones found in this class. List of code clones with start and end line numbers are:  LastValueEntry (D:\research\architectureSmells\repos\Esri_local-government-desktop-addins\Attribute Assistant Add In\AttributeAssistantAddIn\AttributeAssistantEditorExtension.cs' [9118' 9143])' LastValueEntry (D:\research\architectureSmells\repos\Esri_local-government-desktop-addins\Attribute Assistant Add In\AttributeAssistantAddIn\AttributeAssistantEditorExtension.cs' [10476' 10501])' LastValueEntry (D:\research\architectureSmells\repos\Esri_local-government-desktop-addins\Attribute Assistant Add In\AttributeAssistantAddIn\AttributeAssistantEditorExtension.cs' [9282' 9307])' LastValueEntry (D:\research\architectureSmells\repos\Esri_local-government-desktop-addins\Attribute Assistant Add In\AttributeAssistantAddIn\AttributeAssistantEditorExtension.cs' [11081' 11106])' LastValueEntry (D:\research\architectureSmells\repos\Esri_local-government-desktop-addins\Attribute Assistant Add In\AttributeAssistantAddIn\AttributeAssistantEditorExtension.cs' [11262' 11287])
Duplicate Abstraction,ArcGIS4LocalGovernment,LastValueEntry,D:\research\architectureSmells\repos\Esri_local-government-desktop-addins\Attribute Assistant Add In\AttributeAssistantAddIn\AttributeAssistantEditorExtension.cs,The tool detected the smell in this class because a set of code clones has been found and at least one of the clones found in this class. List of code clones with start and end line numbers are:  LastValueEntry (D:\research\architectureSmells\repos\Esri_local-government-desktop-addins\Attribute Assistant Add In\AttributeAssistantAddIn\AttributeAssistantEditorExtension.cs' [9119' 9138])' LastValueEntry (D:\research\architectureSmells\repos\Esri_local-government-desktop-addins\Attribute Assistant Add In\AttributeAssistantAddIn\AttributeAssistantEditorExtension.cs' [9283' 9302])' LastValueEntry (D:\research\architectureSmells\repos\Esri_local-government-desktop-addins\Attribute Assistant Add In\AttributeAssistantAddIn\AttributeAssistantEditorExtension.cs' [10477' 10496])' LastValueEntry (D:\research\architectureSmells\repos\Esri_local-government-desktop-addins\Attribute Assistant Add In\AttributeAssistantAddIn\AttributeAssistantEditorExtension.cs' [10631' 10650])' LastValueEntry (D:\research\architectureSmells\repos\Esri_local-government-desktop-addins\Attribute Assistant Add In\AttributeAssistantAddIn\AttributeAssistantEditorExtension.cs' [10798' 10817])' LastValueEntry (D:\research\architectureSmells\repos\Esri_local-government-desktop-addins\Attribute Assistant Add In\AttributeAssistantAddIn\AttributeAssistantEditorExtension.cs' [11082' 11101])' LastValueEntry (D:\research\architectureSmells\repos\Esri_local-government-desktop-addins\Attribute Assistant Add In\AttributeAssistantAddIn\AttributeAssistantEditorExtension.cs' [11263' 11282])
Duplicate Abstraction,ArcGIS4LocalGovernment,LastValueEntry,D:\research\architectureSmells\repos\Esri_local-government-desktop-addins\Attribute Assistant Add In\AttributeAssistantAddIn\AttributeAssistantEditorExtension.cs,The tool detected the smell in this class because a set of code clones has been found and at least one of the clones found in this class. List of code clones with start and end line numbers are:  LastValueEntry (D:\research\architectureSmells\repos\Esri_local-government-desktop-addins\Attribute Assistant Add In\AttributeAssistantAddIn\AttributeAssistantEditorExtension.cs' [9119' 9143])' LastValueEntry (D:\research\architectureSmells\repos\Esri_local-government-desktop-addins\Attribute Assistant Add In\AttributeAssistantAddIn\AttributeAssistantEditorExtension.cs' [10631' 10655])' LastValueEntry (D:\research\architectureSmells\repos\Esri_local-government-desktop-addins\Attribute Assistant Add In\AttributeAssistantAddIn\AttributeAssistantEditorExtension.cs' [9283' 9307])' LastValueEntry (D:\research\architectureSmells\repos\Esri_local-government-desktop-addins\Attribute Assistant Add In\AttributeAssistantAddIn\AttributeAssistantEditorExtension.cs' [10477' 10501])' LastValueEntry (D:\research\architectureSmells\repos\Esri_local-government-desktop-addins\Attribute Assistant Add In\AttributeAssistantAddIn\AttributeAssistantEditorExtension.cs' [10798' 10822])' LastValueEntry (D:\research\architectureSmells\repos\Esri_local-government-desktop-addins\Attribute Assistant Add In\AttributeAssistantAddIn\AttributeAssistantEditorExtension.cs' [11082' 11106])' LastValueEntry (D:\research\architectureSmells\repos\Esri_local-government-desktop-addins\Attribute Assistant Add In\AttributeAssistantAddIn\AttributeAssistantEditorExtension.cs' [11263' 11287])
Duplicate Abstraction,ArcGIS4LocalGovernment,LastValueEntry,D:\research\architectureSmells\repos\Esri_local-government-desktop-addins\Attribute Assistant Add In\AttributeAssistantAddIn\AttributeAssistantEditorExtension.cs,The tool detected the smell in this class because a set of code clones has been found and at least one of the clones found in this class. List of code clones with start and end line numbers are:  LastValueEntry (D:\research\architectureSmells\repos\Esri_local-government-desktop-addins\Attribute Assistant Add In\AttributeAssistantAddIn\AttributeAssistantEditorExtension.cs' [9119' 9147])' LastValueEntry (D:\research\architectureSmells\repos\Esri_local-government-desktop-addins\Attribute Assistant Add In\AttributeAssistantAddIn\AttributeAssistantEditorExtension.cs' [10798' 10826])' LastValueEntry (D:\research\architectureSmells\repos\Esri_local-government-desktop-addins\Attribute Assistant Add In\AttributeAssistantAddIn\AttributeAssistantEditorExtension.cs' [9283' 9311])' LastValueEntry (D:\research\architectureSmells\repos\Esri_local-government-desktop-addins\Attribute Assistant Add In\AttributeAssistantAddIn\AttributeAssistantEditorExtension.cs' [11082' 11110])' LastValueEntry (D:\research\architectureSmells\repos\Esri_local-government-desktop-addins\Attribute Assistant Add In\AttributeAssistantAddIn\AttributeAssistantEditorExtension.cs' [11263' 11291])
Duplicate Abstraction,ArcGIS4LocalGovernment,LastValueEntry,D:\research\architectureSmells\repos\Esri_local-government-desktop-addins\Attribute Assistant Add In\AttributeAssistantAddIn\AttributeAssistantEditorExtension.cs,The tool detected the smell in this class because a set of code clones has been found and at least one of the clones found in this class. List of code clones with start and end line numbers are:  LastValueEntry (D:\research\architectureSmells\repos\Esri_local-government-desktop-addins\Attribute Assistant Add In\AttributeAssistantAddIn\AttributeAssistantEditorExtension.cs' [10477' 10522])' LastValueEntry (D:\research\architectureSmells\repos\Esri_local-government-desktop-addins\Attribute Assistant Add In\AttributeAssistantAddIn\AttributeAssistantEditorExtension.cs' [10631' 10676])
Duplicate Abstraction,ArcGIS4LocalGovernment,LastValueEntry,D:\research\architectureSmells\repos\Esri_local-government-desktop-addins\Attribute Assistant Add In\AttributeAssistantAddIn\AttributeAssistantEditorExtension.cs,The tool detected the smell in this class because a set of code clones has been found and at least one of the clones found in this class. List of code clones with start and end line numbers are:  LastValueEntry (D:\research\architectureSmells\repos\Esri_local-government-desktop-addins\Attribute Assistant Add In\AttributeAssistantAddIn\AttributeAssistantEditorExtension.cs' [9143' 9162])' LastValueEntry (D:\research\architectureSmells\repos\Esri_local-government-desktop-addins\Attribute Assistant Add In\AttributeAssistantAddIn\AttributeAssistantEditorExtension.cs' [11916' 11935])' LastValueEntry (D:\research\architectureSmells\repos\Esri_local-government-desktop-addins\Attribute Assistant Add In\AttributeAssistantAddIn\AttributeAssistantEditorExtension.cs' [11287' 11306])
Duplicate Abstraction,ArcGIS4LocalGovernment,LastValueEntry,D:\research\architectureSmells\repos\Esri_local-government-desktop-addins\Attribute Assistant Add In\AttributeAssistantAddIn\AttributeAssistantEditorExtension.cs,The tool detected the smell in this class because a set of code clones has been found and at least one of the clones found in this class. List of code clones with start and end line numbers are:  LastValueEntry (D:\research\architectureSmells\repos\Esri_local-government-desktop-addins\Attribute Assistant Add In\AttributeAssistantAddIn\AttributeAssistantEditorExtension.cs' [9163' 9204])' LastValueEntry (D:\research\architectureSmells\repos\Esri_local-government-desktop-addins\Attribute Assistant Add In\AttributeAssistantAddIn\AttributeAssistantEditorExtension.cs' [9326' 9367])' LastValueEntry (D:\research\architectureSmells\repos\Esri_local-government-desktop-addins\Attribute Assistant Add In\AttributeAssistantAddIn\AttributeAssistantEditorExtension.cs' [11125' 11166])' LastValueEntry (D:\research\architectureSmells\repos\Esri_local-government-desktop-addins\Attribute Assistant Add In\AttributeAssistantAddIn\AttributeAssistantEditorExtension.cs' [11307' 11348])
Duplicate Abstraction,ArcGIS4LocalGovernment,LastValueEntry,D:\research\architectureSmells\repos\Esri_local-government-desktop-addins\Attribute Assistant Add In\AttributeAssistantAddIn\AttributeAssistantEditorExtension.cs,The tool detected the smell in this class because a set of code clones has been found and at least one of the clones found in this class. List of code clones with start and end line numbers are:  LastValueEntry (D:\research\architectureSmells\repos\Esri_local-government-desktop-addins\Attribute Assistant Add In\AttributeAssistantAddIn\AttributeAssistantEditorExtension.cs' [9326' 9371])' LastValueEntry (D:\research\architectureSmells\repos\Esri_local-government-desktop-addins\Attribute Assistant Add In\AttributeAssistantAddIn\AttributeAssistantEditorExtension.cs' [11125' 11170])
Duplicate Abstraction,ArcGIS4LocalGovernment,LastValueEntry,D:\research\architectureSmells\repos\Esri_local-government-desktop-addins\Attribute Assistant Add In\AttributeAssistantAddIn\AttributeAssistantEditorExtension.cs,The tool detected the smell in this class because a set of code clones has been found and at least one of the clones found in this class. List of code clones with start and end line numbers are:  LastValueEntry (D:\research\architectureSmells\repos\Esri_local-government-desktop-addins\Attribute Assistant Add In\AttributeAssistantAddIn\AttributeAssistantEditorExtension.cs' [9216' 9251])' LastValueEntry (D:\research\architectureSmells\repos\Esri_local-government-desktop-addins\Attribute Assistant Add In\AttributeAssistantAddIn\AttributeAssistantEditorExtension.cs' [11366' 11401])
Duplicate Abstraction,ArcGIS4LocalGovernment,LastValueEntry,D:\research\architectureSmells\repos\Esri_local-government-desktop-addins\Attribute Assistant Add In\AttributeAssistantAddIn\AttributeAssistantEditorExtension.cs,The tool detected the smell in this class because a set of code clones has been found and at least one of the clones found in this class. List of code clones with start and end line numbers are:  LastValueEntry (D:\research\architectureSmells\repos\Esri_local-government-desktop-addins\Attribute Assistant Add In\AttributeAssistantAddIn\AttributeAssistantEditorExtension.cs' [9232' 9251])' LastValueEntry (D:\research\architectureSmells\repos\Esri_local-government-desktop-addins\Attribute Assistant Add In\AttributeAssistantAddIn\AttributeAssistantEditorExtension.cs' [12106' 12125])
Duplicate Abstraction,ArcGIS4LocalGovernment,LastValueEntry,D:\research\architectureSmells\repos\Esri_local-government-desktop-addins\Attribute Assistant Add In\AttributeAssistantAddIn\AttributeAssistantEditorExtension.cs,The tool detected the smell in this class because a set of code clones has been found and at least one of the clones found in this class. List of code clones with start and end line numbers are:  LastValueEntry (D:\research\architectureSmells\repos\Esri_local-government-desktop-addins\Attribute Assistant Add In\AttributeAssistantAddIn\AttributeAssistantEditorExtension.cs' [11382' 11410])' LastValueEntry (D:\research\architectureSmells\repos\Esri_local-government-desktop-addins\Attribute Assistant Add In\AttributeAssistantAddIn\AttributeAssistantEditorExtension.cs' [12106' 12134])
Duplicate Abstraction,ArcGIS4LocalGovernment,LastValueEntry,D:\research\architectureSmells\repos\Esri_local-government-desktop-addins\Attribute Assistant Add In\AttributeAssistantAddIn\AttributeAssistantEditorExtension.cs,The tool detected the smell in this class because a set of code clones has been found and at least one of the clones found in this class. List of code clones with start and end line numbers are:  LastValueEntry (D:\research\architectureSmells\repos\Esri_local-government-desktop-addins\Attribute Assistant Add In\AttributeAssistantAddIn\AttributeAssistantEditorExtension.cs' [9234' 9255])' LastValueEntry (D:\research\architectureSmells\repos\Esri_local-government-desktop-addins\Attribute Assistant Add In\AttributeAssistantAddIn\AttributeAssistantEditorExtension.cs' [9399' 9420])
Duplicate Abstraction,ArcGIS4LocalGovernment,LastValueEntry,D:\research\architectureSmells\repos\Esri_local-government-desktop-addins\Attribute Assistant Add In\AttributeAssistantAddIn\AttributeAssistantEditorExtension.cs,The tool detected the smell in this class because a set of code clones has been found and at least one of the clones found in this class. List of code clones with start and end line numbers are:  LastValueEntry (D:\research\architectureSmells\repos\Esri_local-government-desktop-addins\Attribute Assistant Add In\AttributeAssistantAddIn\AttributeAssistantEditorExtension.cs' [9380' 9415])' LastValueEntry (D:\research\architectureSmells\repos\Esri_local-government-desktop-addins\Attribute Assistant Add In\AttributeAssistantAddIn\AttributeAssistantEditorExtension.cs' [11185' 11220])
Duplicate Abstraction,ArcGIS4LocalGovernment,LastValueEntry,D:\research\architectureSmells\repos\Esri_local-government-desktop-addins\Attribute Assistant Add In\AttributeAssistantAddIn\AttributeAssistantEditorExtension.cs,The tool detected the smell in this class because a set of code clones has been found and at least one of the clones found in this class. List of code clones with start and end line numbers are:  LastValueEntry (D:\research\architectureSmells\repos\Esri_local-government-desktop-addins\Attribute Assistant Add In\AttributeAssistantAddIn\AttributeAssistantEditorExtension.cs' [9386' 9415])' LastValueEntry (D:\research\architectureSmells\repos\Esri_local-government-desktop-addins\Attribute Assistant Add In\AttributeAssistantAddIn\AttributeAssistantEditorExtension.cs' [11967' 11996])
Duplicate Abstraction,ArcGIS4LocalGovernment,LastValueEntry,D:\research\architectureSmells\repos\Esri_local-government-desktop-addins\Attribute Assistant Add In\AttributeAssistantAddIn\AttributeAssistantEditorExtension.cs,The tool detected the smell in this class because a set of code clones has been found and at least one of the clones found in this class. List of code clones with start and end line numbers are:  LastValueEntry (D:\research\architectureSmells\repos\Esri_local-government-desktop-addins\Attribute Assistant Add In\AttributeAssistantAddIn\AttributeAssistantEditorExtension.cs' [11191' 11232])' LastValueEntry (D:\research\architectureSmells\repos\Esri_local-government-desktop-addins\Attribute Assistant Add In\AttributeAssistantAddIn\AttributeAssistantEditorExtension.cs' [11967' 12008])
Duplicate Abstraction,ArcGIS4LocalGovernment,LastValueEntry,D:\research\architectureSmells\repos\Esri_local-government-desktop-addins\Attribute Assistant Add In\AttributeAssistantAddIn\AttributeAssistantEditorExtension.cs,The tool detected the smell in this class because a set of code clones has been found and at least one of the clones found in this class. List of code clones with start and end line numbers are:  LastValueEntry (D:\research\architectureSmells\repos\Esri_local-government-desktop-addins\Attribute Assistant Add In\AttributeAssistantAddIn\AttributeAssistantEditorExtension.cs' [9430' 9460])' LastValueEntry (D:\research\architectureSmells\repos\Esri_local-government-desktop-addins\Attribute Assistant Add In\AttributeAssistantAddIn\AttributeAssistantEditorExtension.cs' [9698' 9728])' LastValueEntry (D:\research\architectureSmells\repos\Esri_local-government-desktop-addins\Attribute Assistant Add In\AttributeAssistantAddIn\AttributeAssistantEditorExtension.cs' [9968' 9998])
Duplicate Abstraction,ArcGIS4LocalGovernment,LastValueEntry,D:\research\architectureSmells\repos\Esri_local-government-desktop-addins\Attribute Assistant Add In\AttributeAssistantAddIn\AttributeAssistantEditorExtension.cs,The tool detected the smell in this class because a set of code clones has been found and at least one of the clones found in this class. List of code clones with start and end line numbers are:  LastValueEntry (D:\research\architectureSmells\repos\Esri_local-government-desktop-addins\Attribute Assistant Add In\AttributeAssistantAddIn\AttributeAssistantEditorExtension.cs' [9468' 9508])' LastValueEntry (D:\research\architectureSmells\repos\Esri_local-government-desktop-addins\Attribute Assistant Add In\AttributeAssistantAddIn\AttributeAssistantEditorExtension.cs' [10246' 10286])
Duplicate Abstraction,ArcGIS4LocalGovernment,LastValueEntry,D:\research\architectureSmells\repos\Esri_local-government-desktop-addins\Attribute Assistant Add In\AttributeAssistantAddIn\AttributeAssistantEditorExtension.cs,The tool detected the smell in this class because a set of code clones has been found and at least one of the clones found in this class. List of code clones with start and end line numbers are:  LastValueEntry (D:\research\architectureSmells\repos\Esri_local-government-desktop-addins\Attribute Assistant Add In\AttributeAssistantAddIn\AttributeAssistantEditorExtension.cs' [9468' 9496])' LastValueEntry (D:\research\architectureSmells\repos\Esri_local-government-desktop-addins\Attribute Assistant Add In\AttributeAssistantAddIn\AttributeAssistantEditorExtension.cs' [10362' 10390])' LastValueEntry (D:\research\architectureSmells\repos\Esri_local-government-desktop-addins\Attribute Assistant Add In\AttributeAssistantAddIn\AttributeAssistantEditorExtension.cs' [10246' 10274])
Duplicate Abstraction,ArcGIS4LocalGovernment,LastValueEntry,D:\research\architectureSmells\repos\Esri_local-government-desktop-addins\Attribute Assistant Add In\AttributeAssistantAddIn\AttributeAssistantEditorExtension.cs,The tool detected the smell in this class because a set of code clones has been found and at least one of the clones found in this class. List of code clones with start and end line numbers are:  LastValueEntry (D:\research\architectureSmells\repos\Esri_local-government-desktop-addins\Attribute Assistant Add In\AttributeAssistantAddIn\AttributeAssistantEditorExtension.cs' [9469' 9496])' LastValueEntry (D:\research\architectureSmells\repos\Esri_local-government-desktop-addins\Attribute Assistant Add In\AttributeAssistantAddIn\AttributeAssistantEditorExtension.cs' [9734' 9761])
Duplicate Abstraction,ArcGIS4LocalGovernment,LastValueEntry,D:\research\architectureSmells\repos\Esri_local-government-desktop-addins\Attribute Assistant Add In\AttributeAssistantAddIn\AttributeAssistantEditorExtension.cs,The tool detected the smell in this class because a set of code clones has been found and at least one of the clones found in this class. List of code clones with start and end line numbers are:  LastValueEntry (D:\research\architectureSmells\repos\Esri_local-government-desktop-addins\Attribute Assistant Add In\AttributeAssistantAddIn\AttributeAssistantEditorExtension.cs' [9469' 9488])' LastValueEntry (D:\research\architectureSmells\repos\Esri_local-government-desktop-addins\Attribute Assistant Add In\AttributeAssistantAddIn\AttributeAssistantEditorExtension.cs' [9734' 9753])' LastValueEntry (D:\research\architectureSmells\repos\Esri_local-government-desktop-addins\Attribute Assistant Add In\AttributeAssistantAddIn\AttributeAssistantEditorExtension.cs' [10005' 10024])' LastValueEntry (D:\research\architectureSmells\repos\Esri_local-government-desktop-addins\Attribute Assistant Add In\AttributeAssistantAddIn\AttributeAssistantEditorExtension.cs' [10247' 10266])' LastValueEntry (D:\research\architectureSmells\repos\Esri_local-government-desktop-addins\Attribute Assistant Add In\AttributeAssistantAddIn\AttributeAssistantEditorExtension.cs' [10363' 10382])
Duplicate Abstraction,ArcGIS4LocalGovernment,LastValueEntry,D:\research\architectureSmells\repos\Esri_local-government-desktop-addins\Attribute Assistant Add In\AttributeAssistantAddIn\AttributeAssistantEditorExtension.cs,The tool detected the smell in this class because a set of code clones has been found and at least one of the clones found in this class. List of code clones with start and end line numbers are:  LastValueEntry (D:\research\architectureSmells\repos\Esri_local-government-desktop-addins\Attribute Assistant Add In\AttributeAssistantAddIn\AttributeAssistantEditorExtension.cs' [9469' 9494])' LastValueEntry (D:\research\architectureSmells\repos\Esri_local-government-desktop-addins\Attribute Assistant Add In\AttributeAssistantAddIn\AttributeAssistantEditorExtension.cs' [10005' 10030])' LastValueEntry (D:\research\architectureSmells\repos\Esri_local-government-desktop-addins\Attribute Assistant Add In\AttributeAssistantAddIn\AttributeAssistantEditorExtension.cs' [9734' 9759])' LastValueEntry (D:\research\architectureSmells\repos\Esri_local-government-desktop-addins\Attribute Assistant Add In\AttributeAssistantAddIn\AttributeAssistantEditorExtension.cs' [10247' 10272])' LastValueEntry (D:\research\architectureSmells\repos\Esri_local-government-desktop-addins\Attribute Assistant Add In\AttributeAssistantAddIn\AttributeAssistantEditorExtension.cs' [10363' 10388])
Duplicate Abstraction,ArcGIS4LocalGovernment,LastValueEntry,D:\research\architectureSmells\repos\Esri_local-government-desktop-addins\Attribute Assistant Add In\AttributeAssistantAddIn\AttributeAssistantEditorExtension.cs,The tool detected the smell in this class because a set of code clones has been found and at least one of the clones found in this class. List of code clones with start and end line numbers are:  LastValueEntry (D:\research\architectureSmells\repos\Esri_local-government-desktop-addins\Attribute Assistant Add In\AttributeAssistantAddIn\AttributeAssistantEditorExtension.cs' [9734' 9761])' LastValueEntry (D:\research\architectureSmells\repos\Esri_local-government-desktop-addins\Attribute Assistant Add In\AttributeAssistantAddIn\AttributeAssistantEditorExtension.cs' [10247' 10274])
Duplicate Abstraction,ArcGIS4LocalGovernment,LastValueEntry,D:\research\architectureSmells\repos\Esri_local-government-desktop-addins\Attribute Assistant Add In\AttributeAssistantAddIn\AttributeAssistantEditorExtension.cs,The tool detected the smell in this class because a set of code clones has been found and at least one of the clones found in this class. List of code clones with start and end line numbers are:  LastValueEntry (D:\research\architectureSmells\repos\Esri_local-government-desktop-addins\Attribute Assistant Add In\AttributeAssistantAddIn\AttributeAssistantEditorExtension.cs' [9734' 9773])' LastValueEntry (D:\research\architectureSmells\repos\Esri_local-government-desktop-addins\Attribute Assistant Add In\AttributeAssistantAddIn\AttributeAssistantEditorExtension.cs' [10363' 10402])
Duplicate Abstraction,ArcGIS4LocalGovernment,LastValueEntry,D:\research\architectureSmells\repos\Esri_local-government-desktop-addins\Attribute Assistant Add In\AttributeAssistantAddIn\AttributeAssistantEditorExtension.cs,The tool detected the smell in this class because a set of code clones has been found and at least one of the clones found in this class. List of code clones with start and end line numbers are:  LastValueEntry (D:\research\architectureSmells\repos\Esri_local-government-desktop-addins\Attribute Assistant Add In\AttributeAssistantAddIn\AttributeAssistantEditorExtension.cs' [9507' 9547])' LastValueEntry (D:\research\architectureSmells\repos\Esri_local-government-desktop-addins\Attribute Assistant Add In\AttributeAssistantAddIn\AttributeAssistantEditorExtension.cs' [9772' 9812])' LastValueEntry (D:\research\architectureSmells\repos\Esri_local-government-desktop-addins\Attribute Assistant Add In\AttributeAssistantAddIn\AttributeAssistantEditorExtension.cs' [10037' 10077])
Duplicate Abstraction,ArcGIS4LocalGovernment,LastValueEntry,D:\research\architectureSmells\repos\Esri_local-government-desktop-addins\Attribute Assistant Add In\AttributeAssistantAddIn\AttributeAssistantEditorExtension.cs,The tool detected the smell in this class because a set of code clones has been found and at least one of the clones found in this class. List of code clones with start and end line numbers are:  LastValueEntry (D:\research\architectureSmells\repos\Esri_local-government-desktop-addins\Attribute Assistant Add In\AttributeAssistantAddIn\AttributeAssistantEditorExtension.cs' [9509' 9528])' LastValueEntry (D:\research\architectureSmells\repos\Esri_local-government-desktop-addins\Attribute Assistant Add In\AttributeAssistantAddIn\AttributeAssistantEditorExtension.cs' [9774' 9793])' LastValueEntry (D:\research\architectureSmells\repos\Esri_local-government-desktop-addins\Attribute Assistant Add In\AttributeAssistantAddIn\AttributeAssistantEditorExtension.cs' [10039' 10058])' LastValueEntry (D:\research\architectureSmells\repos\Esri_local-government-desktop-addins\Attribute Assistant Add In\AttributeAssistantAddIn\AttributeAssistantEditorExtension.cs' [14068' 14087])' LastValueEntry (D:\research\architectureSmells\repos\Esri_local-government-desktop-addins\Attribute Assistant Add In\AttributeAssistantAddIn\AttributeAssistantEditorExtension.cs' [14460' 14479])
Duplicate Abstraction,ArcGIS4LocalGovernment,LastValueEntry,D:\research\architectureSmells\repos\Esri_local-government-desktop-addins\Attribute Assistant Add In\AttributeAssistantAddIn\AttributeAssistantEditorExtension.cs,The tool detected the smell in this class because a set of code clones has been found and at least one of the clones found in this class. List of code clones with start and end line numbers are:  LastValueEntry (D:\research\architectureSmells\repos\Esri_local-government-desktop-addins\Attribute Assistant Add In\AttributeAssistantAddIn\AttributeAssistantEditorExtension.cs' [9509' 9547])' LastValueEntry (D:\research\architectureSmells\repos\Esri_local-government-desktop-addins\Attribute Assistant Add In\AttributeAssistantAddIn\AttributeAssistantEditorExtension.cs' [14068' 14106])' LastValueEntry (D:\research\architectureSmells\repos\Esri_local-government-desktop-addins\Attribute Assistant Add In\AttributeAssistantAddIn\AttributeAssistantEditorExtension.cs' [14460' 14498])' LastValueEntry (D:\research\architectureSmells\repos\Esri_local-government-desktop-addins\Attribute Assistant Add In\AttributeAssistantAddIn\AttributeAssistantEditorExtension.cs' [9774' 9812])' LastValueEntry (D:\research\architectureSmells\repos\Esri_local-government-desktop-addins\Attribute Assistant Add In\AttributeAssistantAddIn\AttributeAssistantEditorExtension.cs' [10039' 10077])
Duplicate Abstraction,ArcGIS4LocalGovernment,LastValueEntry,D:\research\architectureSmells\repos\Esri_local-government-desktop-addins\Attribute Assistant Add In\AttributeAssistantAddIn\AttributeAssistantEditorExtension.cs,The tool detected the smell in this class because a set of code clones has been found and at least one of the clones found in this class. List of code clones with start and end line numbers are:  LastValueEntry (D:\research\architectureSmells\repos\Esri_local-government-desktop-addins\Attribute Assistant Add In\AttributeAssistantAddIn\AttributeAssistantEditorExtension.cs' [9611' 9634])' LastValueEntry (D:\research\architectureSmells\repos\Esri_local-government-desktop-addins\Attribute Assistant Add In\AttributeAssistantAddIn\AttributeAssistantEditorExtension.cs' [10139' 10162])
Duplicate Abstraction,ArcGIS4LocalGovernment,LastValueEntry,D:\research\architectureSmells\repos\Esri_local-government-desktop-addins\Attribute Assistant Add In\AttributeAssistantAddIn\AttributeAssistantEditorExtension.cs,The tool detected the smell in this class because a set of code clones has been found and at least one of the clones found in this class. List of code clones with start and end line numbers are:  LastValueEntry (D:\research\architectureSmells\repos\Esri_local-government-desktop-addins\Attribute Assistant Add In\AttributeAssistantAddIn\AttributeAssistantEditorExtension.cs' [9660' 9679])' LastValueEntry (D:\research\architectureSmells\repos\Esri_local-government-desktop-addins\Attribute Assistant Add In\AttributeAssistantAddIn\AttributeAssistantEditorExtension.cs' [9930' 9949])' LastValueEntry (D:\research\architectureSmells\repos\Esri_local-government-desktop-addins\Attribute Assistant Add In\AttributeAssistantAddIn\AttributeAssistantEditorExtension.cs' [10188' 10207])' LastValueEntry (D:\research\architectureSmells\repos\Esri_local-government-desktop-addins\Attribute Assistant Add In\AttributeAssistantAddIn\AttributeAssistantEditorExtension.cs' [14704' 14723])
Duplicate Abstraction,ArcGIS4LocalGovernment,LastValueEntry,D:\research\architectureSmells\repos\Esri_local-government-desktop-addins\Attribute Assistant Add In\AttributeAssistantAddIn\AttributeAssistantEditorExtension.cs,The tool detected the smell in this class because a set of code clones has been found and at least one of the clones found in this class. List of code clones with start and end line numbers are:  LastValueEntry (D:\research\architectureSmells\repos\Esri_local-government-desktop-addins\Attribute Assistant Add In\AttributeAssistantAddIn\AttributeAssistantEditorExtension.cs' [9660' 9688])' LastValueEntry (D:\research\architectureSmells\repos\Esri_local-government-desktop-addins\Attribute Assistant Add In\AttributeAssistantAddIn\AttributeAssistantEditorExtension.cs' [14704' 14732])' LastValueEntry (D:\research\architectureSmells\repos\Esri_local-government-desktop-addins\Attribute Assistant Add In\AttributeAssistantAddIn\AttributeAssistantEditorExtension.cs' [9930' 9958])' LastValueEntry (D:\research\architectureSmells\repos\Esri_local-government-desktop-addins\Attribute Assistant Add In\AttributeAssistantAddIn\AttributeAssistantEditorExtension.cs' [10188' 10216])
Duplicate Abstraction,ArcGIS4LocalGovernment,LastValueEntry,D:\research\architectureSmells\repos\Esri_local-government-desktop-addins\Attribute Assistant Add In\AttributeAssistantAddIn\AttributeAssistantEditorExtension.cs,The tool detected the smell in this class because a set of code clones has been found and at least one of the clones found in this class. List of code clones with start and end line numbers are:  LastValueEntry (D:\research\architectureSmells\repos\Esri_local-government-desktop-addins\Attribute Assistant Add In\AttributeAssistantAddIn\AttributeAssistantEditorExtension.cs' [9731' 9752])' LastValueEntry (D:\research\architectureSmells\repos\Esri_local-government-desktop-addins\Attribute Assistant Add In\AttributeAssistantAddIn\AttributeAssistantEditorExtension.cs' [10002' 10023])
Duplicate Abstraction,ArcGIS4LocalGovernment,LastValueEntry,D:\research\architectureSmells\repos\Esri_local-government-desktop-addins\Attribute Assistant Add In\AttributeAssistantAddIn\AttributeAssistantEditorExtension.cs,The tool detected the smell in this class because a set of code clones has been found and at least one of the clones found in this class. List of code clones with start and end line numbers are:  LastValueEntry (D:\research\architectureSmells\repos\Esri_local-government-desktop-addins\Attribute Assistant Add In\AttributeAssistantAddIn\AttributeAssistantEditorExtension.cs' [9887' 9906])' LastValueEntry (D:\research\architectureSmells\repos\Esri_local-government-desktop-addins\Attribute Assistant Add In\AttributeAssistantAddIn\AttributeAssistantEditorExtension.cs' [14191' 14210])' LastValueEntry (D:\research\architectureSmells\repos\Esri_local-government-desktop-addins\Attribute Assistant Add In\AttributeAssistantAddIn\AttributeAssistantEditorExtension.cs' [10245' 10264])' LastValueEntry (D:\research\architectureSmells\repos\Esri_local-government-desktop-addins\Attribute Assistant Add In\AttributeAssistantAddIn\AttributeAssistantEditorExtension.cs' [10361' 10380])
Duplicate Abstraction,ArcGIS4LocalGovernment,LastValueEntry,D:\research\architectureSmells\repos\Esri_local-government-desktop-addins\Attribute Assistant Add In\AttributeAssistantAddIn\AttributeAssistantEditorExtension.cs,The tool detected the smell in this class because a set of code clones has been found and at least one of the clones found in this class. List of code clones with start and end line numbers are:  LastValueEntry (D:\research\architectureSmells\repos\Esri_local-government-desktop-addins\Attribute Assistant Add In\AttributeAssistantAddIn\AttributeAssistantEditorExtension.cs' [10304' 10334])' LastValueEntry (D:\research\architectureSmells\repos\Esri_local-government-desktop-addins\Attribute Assistant Add In\AttributeAssistantAddIn\AttributeAssistantEditorExtension.cs' [10420' 10450])
Duplicate Abstraction,ArcGIS4LocalGovernment,LastValueEntry,D:\research\architectureSmells\repos\Esri_local-government-desktop-addins\Attribute Assistant Add In\AttributeAssistantAddIn\AttributeAssistantEditorExtension.cs,The tool detected the smell in this class because a set of code clones has been found and at least one of the clones found in this class. List of code clones with start and end line numbers are:  LastValueEntry (D:\research\architectureSmells\repos\Esri_local-government-desktop-addins\Attribute Assistant Add In\AttributeAssistantAddIn\AttributeAssistantEditorExtension.cs' [10530' 10568])' LastValueEntry (D:\research\architectureSmells\repos\Esri_local-government-desktop-addins\Attribute Assistant Add In\AttributeAssistantAddIn\AttributeAssistantEditorExtension.cs' [10685' 10723])
Duplicate Abstraction,ArcGIS4LocalGovernment,LastValueEntry,D:\research\architectureSmells\repos\Esri_local-government-desktop-addins\Attribute Assistant Add In\AttributeAssistantAddIn\AttributeAssistantEditorExtension.cs,The tool detected the smell in this class because a set of code clones has been found and at least one of the clones found in this class. List of code clones with start and end line numbers are:  LastValueEntry (D:\research\architectureSmells\repos\Esri_local-government-desktop-addins\Attribute Assistant Add In\AttributeAssistantAddIn\AttributeAssistantEditorExtension.cs' [10534' 10569])' LastValueEntry (D:\research\architectureSmells\repos\Esri_local-government-desktop-addins\Attribute Assistant Add In\AttributeAssistantAddIn\AttributeAssistantEditorExtension.cs' [10833' 10868])' LastValueEntry (D:\research\architectureSmells\repos\Esri_local-government-desktop-addins\Attribute Assistant Add In\AttributeAssistantAddIn\AttributeAssistantEditorExtension.cs' [10977' 11012])
Duplicate Abstraction,ArcGIS4LocalGovernment,LastValueEntry,D:\research\architectureSmells\repos\Esri_local-government-desktop-addins\Attribute Assistant Add In\AttributeAssistantAddIn\AttributeAssistantEditorExtension.cs,The tool detected the smell in this class because a set of code clones has been found and at least one of the clones found in this class. List of code clones with start and end line numbers are:  LastValueEntry (D:\research\architectureSmells\repos\Esri_local-government-desktop-addins\Attribute Assistant Add In\AttributeAssistantAddIn\AttributeAssistantEditorExtension.cs' [10689' 10723])' LastValueEntry (D:\research\architectureSmells\repos\Esri_local-government-desktop-addins\Attribute Assistant Add In\AttributeAssistantAddIn\AttributeAssistantEditorExtension.cs' [10833' 10867])' LastValueEntry (D:\research\architectureSmells\repos\Esri_local-government-desktop-addins\Attribute Assistant Add In\AttributeAssistantAddIn\AttributeAssistantEditorExtension.cs' [10977' 11011])
Duplicate Abstraction,ArcGIS4LocalGovernment,LastValueEntry,D:\research\architectureSmells\repos\Esri_local-government-desktop-addins\Attribute Assistant Add In\AttributeAssistantAddIn\AttributeAssistantEditorExtension.cs,The tool detected the smell in this class because a set of code clones has been found and at least one of the clones found in this class. List of code clones with start and end line numbers are:  LastValueEntry (D:\research\architectureSmells\repos\Esri_local-government-desktop-addins\Attribute Assistant Add In\AttributeAssistantAddIn\AttributeAssistantEditorExtension.cs' [10833' 10886])' LastValueEntry (D:\research\architectureSmells\repos\Esri_local-government-desktop-addins\Attribute Assistant Add In\AttributeAssistantAddIn\AttributeAssistantEditorExtension.cs' [10977' 11030])
Duplicate Abstraction,ArcGIS4LocalGovernment,LastValueEntry,D:\research\architectureSmells\repos\Esri_local-government-desktop-addins\Attribute Assistant Add In\AttributeAssistantAddIn\AttributeAssistantEditorExtension.cs,The tool detected the smell in this class because a set of code clones has been found and at least one of the clones found in this class. List of code clones with start and end line numbers are:  LastValueEntry (D:\research\architectureSmells\repos\Esri_local-government-desktop-addins\Attribute Assistant Add In\AttributeAssistantAddIn\AttributeAssistantEditorExtension.cs' [10617' 10649])' LastValueEntry (D:\research\architectureSmells\repos\Esri_local-government-desktop-addins\Attribute Assistant Add In\AttributeAssistantAddIn\AttributeAssistantEditorExtension.cs' [10784' 10816])
Duplicate Abstraction,ArcGIS4LocalGovernment,LastValueEntry,D:\research\architectureSmells\repos\Esri_local-government-desktop-addins\Attribute Assistant Add In\AttributeAssistantAddIn\AttributeAssistantEditorExtension.cs,The tool detected the smell in this class because a set of code clones has been found and at least one of the clones found in this class. List of code clones with start and end line numbers are:  LastValueEntry (D:\research\architectureSmells\repos\Esri_local-government-desktop-addins\Attribute Assistant Add In\AttributeAssistantAddIn\AttributeAssistantEditorExtension.cs' [10617' 10637])' LastValueEntry (D:\research\architectureSmells\repos\Esri_local-government-desktop-addins\Attribute Assistant Add In\AttributeAssistantAddIn\AttributeAssistantEditorExtension.cs' [10925' 10945])' LastValueEntry (D:\research\architectureSmells\repos\Esri_local-government-desktop-addins\Attribute Assistant Add In\AttributeAssistantAddIn\AttributeAssistantEditorExtension.cs' [10784' 10804])
Duplicate Abstraction,ArcGIS4LocalGovernment,LastValueEntry,D:\research\architectureSmells\repos\Esri_local-government-desktop-addins\Attribute Assistant Add In\AttributeAssistantAddIn\AttributeAssistantEditorExtension.cs,The tool detected the smell in this class because a set of code clones has been found and at least one of the clones found in this class. List of code clones with start and end line numbers are:  LastValueEntry (D:\research\architectureSmells\repos\Esri_local-government-desktop-addins\Attribute Assistant Add In\AttributeAssistantAddIn\AttributeAssistantEditorExtension.cs' [10783' 10802])' LastValueEntry (D:\research\architectureSmells\repos\Esri_local-government-desktop-addins\Attribute Assistant Add In\AttributeAssistantAddIn\AttributeAssistantEditorExtension.cs' [10924' 10943])
Duplicate Abstraction,ArcGIS4LocalGovernment,LastValueEntry,D:\research\architectureSmells\repos\Esri_local-government-desktop-addins\Attribute Assistant Add In\AttributeAssistantAddIn\AttributeAssistantEditorExtension.cs,The tool detected the smell in this class because a set of code clones has been found and at least one of the clones found in this class. List of code clones with start and end line numbers are:  LastValueEntry (D:\research\architectureSmells\repos\Esri_local-government-desktop-addins\Attribute Assistant Add In\AttributeAssistantAddIn\AttributeAssistantEditorExtension.cs' [10829' 10851])' LastValueEntry (D:\research\architectureSmells\repos\Esri_local-government-desktop-addins\Attribute Assistant Add In\AttributeAssistantAddIn\AttributeAssistantEditorExtension.cs' [10973' 10995])
Duplicate Abstraction,ArcGIS4LocalGovernment,LastValueEntry,D:\research\architectureSmells\repos\Esri_local-government-desktop-addins\Attribute Assistant Add In\AttributeAssistantAddIn\AttributeAssistantEditorExtension.cs,The tool detected the smell in this class because a set of code clones has been found and at least one of the clones found in this class. List of code clones with start and end line numbers are:  LastValueEntry (D:\research\architectureSmells\repos\Esri_local-government-desktop-addins\Attribute Assistant Add In\AttributeAssistantAddIn\AttributeAssistantEditorExtension.cs' [11029' 11051])' LastValueEntry (D:\research\architectureSmells\repos\Esri_local-government-desktop-addins\Attribute Assistant Add In\AttributeAssistantAddIn\AttributeAssistantEditorExtension.cs' [11856' 11878])
Duplicate Abstraction,ArcGIS4LocalGovernment,LastValueEntry,D:\research\architectureSmells\repos\Esri_local-government-desktop-addins\Attribute Assistant Add In\AttributeAssistantAddIn\AttributeAssistantEditorExtension.cs,The tool detected the smell in this class because a set of code clones has been found and at least one of the clones found in this class. List of code clones with start and end line numbers are:  LastValueEntry (D:\research\architectureSmells\repos\Esri_local-government-desktop-addins\Attribute Assistant Add In\AttributeAssistantAddIn\AttributeAssistantEditorExtension.cs' [11063' 11090])' LastValueEntry (D:\research\architectureSmells\repos\Esri_local-government-desktop-addins\Attribute Assistant Add In\AttributeAssistantAddIn\AttributeAssistantEditorExtension.cs' [11244' 11271])
Duplicate Abstraction,ArcGIS4LocalGovernment,LastValueEntry,D:\research\architectureSmells\repos\Esri_local-government-desktop-addins\Attribute Assistant Add In\AttributeAssistantAddIn\AttributeAssistantEditorExtension.cs,The tool detected the smell in this class because a set of code clones has been found and at least one of the clones found in this class. List of code clones with start and end line numbers are:  LastValueEntry (D:\research\architectureSmells\repos\Esri_local-government-desktop-addins\Attribute Assistant Add In\AttributeAssistantAddIn\AttributeAssistantEditorExtension.cs' [11450' 11470])' LastValueEntry (D:\research\architectureSmells\repos\Esri_local-government-desktop-addins\Attribute Assistant Add In\AttributeAssistantAddIn\AttributeAssistantEditorExtension.cs' [13286' 13306])
Duplicate Abstraction,ArcGIS4LocalGovernment,LastValueEntry,D:\research\architectureSmells\repos\Esri_local-government-desktop-addins\Attribute Assistant Add In\AttributeAssistantAddIn\AttributeAssistantEditorExtension.cs,The tool detected the smell in this class because a set of code clones has been found and at least one of the clones found in this class. List of code clones with start and end line numbers are:  LastValueEntry (D:\research\architectureSmells\repos\Esri_local-government-desktop-addins\Attribute Assistant Add In\AttributeAssistantAddIn\AttributeAssistantEditorExtension.cs' [11485' 11517])' LastValueEntry (D:\research\architectureSmells\repos\Esri_local-government-desktop-addins\Attribute Assistant Add In\AttributeAssistantAddIn\AttributeAssistantEditorExtension.cs' [13310' 13342])
Duplicate Abstraction,ArcGIS4LocalGovernment,LastValueEntry,D:\research\architectureSmells\repos\Esri_local-government-desktop-addins\Attribute Assistant Add In\AttributeAssistantAddIn\AttributeAssistantEditorExtension.cs,The tool detected the smell in this class because a set of code clones has been found and at least one of the clones found in this class. List of code clones with start and end line numbers are:  LastValueEntry (D:\research\architectureSmells\repos\Esri_local-government-desktop-addins\Attribute Assistant Add In\AttributeAssistantAddIn\AttributeAssistantEditorExtension.cs' [11490' 11517])' LastValueEntry (D:\research\architectureSmells\repos\Esri_local-government-desktop-addins\Attribute Assistant Add In\AttributeAssistantAddIn\AttributeAssistantEditorExtension.cs' [13667' 13694])' LastValueEntry (D:\research\architectureSmells\repos\Esri_local-government-desktop-addins\Attribute Assistant Add In\AttributeAssistantAddIn\AttributeAssistantEditorExtension.cs' [13315' 13342])
Duplicate Abstraction,ArcGIS4LocalGovernment,LastValueEntry,D:\research\architectureSmells\repos\Esri_local-government-desktop-addins\Attribute Assistant Add In\AttributeAssistantAddIn\AttributeAssistantEditorExtension.cs,The tool detected the smell in this class because a set of code clones has been found and at least one of the clones found in this class. List of code clones with start and end line numbers are:  LastValueEntry (D:\research\architectureSmells\repos\Esri_local-government-desktop-addins\Attribute Assistant Add In\AttributeAssistantAddIn\AttributeAssistantEditorExtension.cs' [11494' 11513])' LastValueEntry (D:\research\architectureSmells\repos\Esri_local-government-desktop-addins\Attribute Assistant Add In\AttributeAssistantAddIn\AttributeAssistantEditorExtension.cs' [13319' 13338])' LastValueEntry (D:\research\architectureSmells\repos\Esri_local-government-desktop-addins\Attribute Assistant Add In\AttributeAssistantAddIn\AttributeAssistantEditorExtension.cs' [13671' 13690])' LastValueEntry (D:\research\architectureSmells\repos\Esri_local-government-desktop-addins\Attribute Assistant Add In\AttributeAssistantAddIn\AttributeAssistantEditorExtension.cs' [13891' 13910])' LastValueEntry (D:\research\architectureSmells\repos\Esri_local-government-desktop-addins\Attribute Assistant Add In\AttributeAssistantAddIn\AttributeAssistantEditorExtension.cs' [14310' 14329])
Duplicate Abstraction,ArcGIS4LocalGovernment,LastValueEntry,D:\research\architectureSmells\repos\Esri_local-government-desktop-addins\Attribute Assistant Add In\AttributeAssistantAddIn\AttributeAssistantEditorExtension.cs,The tool detected the smell in this class because a set of code clones has been found and at least one of the clones found in this class. List of code clones with start and end line numbers are:  LastValueEntry (D:\research\architectureSmells\repos\Esri_local-government-desktop-addins\Attribute Assistant Add In\AttributeAssistantAddIn\AttributeAssistantEditorExtension.cs' [11494' 11517])' LastValueEntry (D:\research\architectureSmells\repos\Esri_local-government-desktop-addins\Attribute Assistant Add In\AttributeAssistantAddIn\AttributeAssistantEditorExtension.cs' [13891' 13914])' LastValueEntry (D:\research\architectureSmells\repos\Esri_local-government-desktop-addins\Attribute Assistant Add In\AttributeAssistantAddIn\AttributeAssistantEditorExtension.cs' [14310' 14333])' LastValueEntry (D:\research\architectureSmells\repos\Esri_local-government-desktop-addins\Attribute Assistant Add In\AttributeAssistantAddIn\AttributeAssistantEditorExtension.cs' [13319' 13342])' LastValueEntry (D:\research\architectureSmells\repos\Esri_local-government-desktop-addins\Attribute Assistant Add In\AttributeAssistantAddIn\AttributeAssistantEditorExtension.cs' [13671' 13694])
Duplicate Abstraction,ArcGIS4LocalGovernment,LastValueEntry,D:\research\architectureSmells\repos\Esri_local-government-desktop-addins\Attribute Assistant Add In\AttributeAssistantAddIn\AttributeAssistantEditorExtension.cs,The tool detected the smell in this class because a set of code clones has been found and at least one of the clones found in this class. List of code clones with start and end line numbers are:  LastValueEntry (D:\research\architectureSmells\repos\Esri_local-government-desktop-addins\Attribute Assistant Add In\AttributeAssistantAddIn\AttributeAssistantEditorExtension.cs' [11540' 11568])' LastValueEntry (D:\research\architectureSmells\repos\Esri_local-government-desktop-addins\Attribute Assistant Add In\AttributeAssistantAddIn\AttributeAssistantEditorExtension.cs' [13380' 13408])
Duplicate Abstraction,ArcGIS4LocalGovernment,LastValueEntry,D:\research\architectureSmells\repos\Esri_local-government-desktop-addins\Attribute Assistant Add In\AttributeAssistantAddIn\AttributeAssistantEditorExtension.cs,The tool detected the smell in this class because a set of code clones has been found and at least one of the clones found in this class. List of code clones with start and end line numbers are:  LastValueEntry (D:\research\architectureSmells\repos\Esri_local-government-desktop-addins\Attribute Assistant Add In\AttributeAssistantAddIn\AttributeAssistantEditorExtension.cs' [11568' 11595])' LastValueEntry (D:\research\architectureSmells\repos\Esri_local-government-desktop-addins\Attribute Assistant Add In\AttributeAssistantAddIn\AttributeAssistantEditorExtension.cs' [11600' 11627])
Duplicate Abstraction,ArcGIS4LocalGovernment,LastValueEntry,D:\research\architectureSmells\repos\Esri_local-government-desktop-addins\Attribute Assistant Add In\AttributeAssistantAddIn\AttributeAssistantEditorExtension.cs,The tool detected the smell in this class because a set of code clones has been found and at least one of the clones found in this class. List of code clones with start and end line numbers are:  LastValueEntry (D:\research\architectureSmells\repos\Esri_local-government-desktop-addins\Attribute Assistant Add In\AttributeAssistantAddIn\AttributeAssistantEditorExtension.cs' [11627' 11670])' LastValueEntry (D:\research\architectureSmells\repos\Esri_local-government-desktop-addins\Attribute Assistant Add In\AttributeAssistantAddIn\AttributeAssistantEditorExtension.cs' [13555' 13598])
Duplicate Abstraction,ArcGIS4LocalGovernment,LastValueEntry,D:\research\architectureSmells\repos\Esri_local-government-desktop-addins\Attribute Assistant Add In\AttributeAssistantAddIn\AttributeAssistantEditorExtension.cs,The tool detected the smell in this class because a set of code clones has been found and at least one of the clones found in this class. List of code clones with start and end line numbers are:  LastValueEntry (D:\research\architectureSmells\repos\Esri_local-government-desktop-addins\Attribute Assistant Add In\AttributeAssistantAddIn\AttributeAssistantEditorExtension.cs' [11706' 11730])' LastValueEntry (D:\research\architectureSmells\repos\Esri_local-government-desktop-addins\Attribute Assistant Add In\AttributeAssistantAddIn\AttributeAssistantEditorExtension.cs' [11802' 11826])
Duplicate Abstraction,ArcGIS4LocalGovernment,LastValueEntry,D:\research\architectureSmells\repos\Esri_local-government-desktop-addins\Attribute Assistant Add In\AttributeAssistantAddIn\AttributeAssistantEditorExtension.cs,The tool detected the smell in this class because a set of code clones has been found and at least one of the clones found in this class. List of code clones with start and end line numbers are:  LastValueEntry (D:\research\architectureSmells\repos\Esri_local-government-desktop-addins\Attribute Assistant Add In\AttributeAssistantAddIn\AttributeAssistantEditorExtension.cs' [11736' 11762])' LastValueEntry (D:\research\architectureSmells\repos\Esri_local-government-desktop-addins\Attribute Assistant Add In\AttributeAssistantAddIn\AttributeAssistantEditorExtension.cs' [11830' 11856])
Duplicate Abstraction,ArcGIS4LocalGovernment,LastValueEntry,D:\research\architectureSmells\repos\Esri_local-government-desktop-addins\Attribute Assistant Add In\AttributeAssistantAddIn\AttributeAssistantEditorExtension.cs,The tool detected the smell in this class because a set of code clones has been found and at least one of the clones found in this class. List of code clones with start and end line numbers are:  LastValueEntry (D:\research\architectureSmells\repos\Esri_local-government-desktop-addins\Attribute Assistant Add In\AttributeAssistantAddIn\AttributeAssistantEditorExtension.cs' [11890' 11916])' LastValueEntry (D:\research\architectureSmells\repos\Esri_local-government-desktop-addins\Attribute Assistant Add In\AttributeAssistantAddIn\AttributeAssistantEditorExtension.cs' [12020' 12046])
Duplicate Abstraction,ArcGIS4LocalGovernment,LastValueEntry,D:\research\architectureSmells\repos\Esri_local-government-desktop-addins\Attribute Assistant Add In\AttributeAssistantAddIn\AttributeAssistantEditorExtension.cs,The tool detected the smell in this class because a set of code clones has been found and at least one of the clones found in this class. List of code clones with start and end line numbers are:  LastValueEntry (D:\research\architectureSmells\repos\Esri_local-government-desktop-addins\Attribute Assistant Add In\AttributeAssistantAddIn\AttributeAssistantEditorExtension.cs' [11940' 11969])' LastValueEntry (D:\research\architectureSmells\repos\Esri_local-government-desktop-addins\Attribute Assistant Add In\AttributeAssistantAddIn\AttributeAssistantEditorExtension.cs' [12070' 12099])
Duplicate Abstraction,ArcGIS4LocalGovernment,LastValueEntry,D:\research\architectureSmells\repos\Esri_local-government-desktop-addins\Attribute Assistant Add In\AttributeAssistantAddIn\AttributeAssistantEditorExtension.cs,The tool detected the smell in this class because a set of code clones has been found and at least one of the clones found in this class. List of code clones with start and end line numbers are:  LastValueEntry (D:\research\architectureSmells\repos\Esri_local-government-desktop-addins\Attribute Assistant Add In\AttributeAssistantAddIn\AttributeAssistantEditorExtension.cs' [12669' 12691])' LastValueEntry (D:\research\architectureSmells\repos\Esri_local-government-desktop-addins\Attribute Assistant Add In\AttributeAssistantAddIn\AttributeAssistantEditorExtension.cs' [12783' 12805])' LastValueEntry (D:\research\architectureSmells\repos\Esri_local-government-desktop-addins\Attribute Assistant Add In\AttributeAssistantAddIn\AttributeAssistantEditorExtension.cs' [12853' 12875])
Duplicate Abstraction,ArcGIS4LocalGovernment,LastValueEntry,D:\research\architectureSmells\repos\Esri_local-government-desktop-addins\Attribute Assistant Add In\AttributeAssistantAddIn\AttributeAssistantEditorExtension.cs,The tool detected the smell in this class because a set of code clones has been found and at least one of the clones found in this class. List of code clones with start and end line numbers are:  LastValueEntry (D:\research\architectureSmells\repos\Esri_local-government-desktop-addins\Attribute Assistant Add In\AttributeAssistantAddIn\AttributeAssistantEditorExtension.cs' [12783' 12822])' LastValueEntry (D:\research\architectureSmells\repos\Esri_local-government-desktop-addins\Attribute Assistant Add In\AttributeAssistantAddIn\AttributeAssistantEditorExtension.cs' [12853' 12892])
Duplicate Abstraction,ArcGIS4LocalGovernment,LastValueEntry,D:\research\architectureSmells\repos\Esri_local-government-desktop-addins\Attribute Assistant Add In\AttributeAssistantAddIn\AttributeAssistantEditorExtension.cs,The tool detected the smell in this class because a set of code clones has been found and at least one of the clones found in this class. List of code clones with start and end line numbers are:  LastValueEntry (D:\research\architectureSmells\repos\Esri_local-government-desktop-addins\Attribute Assistant Add In\AttributeAssistantAddIn\AttributeAssistantEditorExtension.cs' [12782' 12801])' LastValueEntry (D:\research\architectureSmells\repos\Esri_local-government-desktop-addins\Attribute Assistant Add In\AttributeAssistantAddIn\AttributeAssistantEditorExtension.cs' [12852' 12871])
Duplicate Abstraction,ArcGIS4LocalGovernment,LastValueEntry,D:\research\architectureSmells\repos\Esri_local-government-desktop-addins\Attribute Assistant Add In\AttributeAssistantAddIn\AttributeAssistantEditorExtension.cs,The tool detected the smell in this class because a set of code clones has been found and at least one of the clones found in this class. List of code clones with start and end line numbers are:  LastValueEntry (D:\research\architectureSmells\repos\Esri_local-government-desktop-addins\Attribute Assistant Add In\AttributeAssistantAddIn\AttributeAssistantEditorExtension.cs' [13456' 13480])' LastValueEntry (D:\research\architectureSmells\repos\Esri_local-government-desktop-addins\Attribute Assistant Add In\AttributeAssistantAddIn\AttributeAssistantEditorExtension.cs' [13532' 13556])
Duplicate Abstraction,ArcGIS4LocalGovernment,LastValueEntry,D:\research\architectureSmells\repos\Esri_local-government-desktop-addins\Attribute Assistant Add In\AttributeAssistantAddIn\AttributeAssistantEditorExtension.cs,The tool detected the smell in this class because a set of code clones has been found and at least one of the clones found in this class. List of code clones with start and end line numbers are:  LastValueEntry (D:\research\architectureSmells\repos\Esri_local-government-desktop-addins\Attribute Assistant Add In\AttributeAssistantAddIn\AttributeAssistantEditorExtension.cs' [13717' 13736])' LastValueEntry (D:\research\architectureSmells\repos\Esri_local-government-desktop-addins\Attribute Assistant Add In\AttributeAssistantAddIn\AttributeAssistantEditorExtension.cs' [15276' 15295])' LastValueEntry (D:\research\architectureSmells\repos\Esri_local-government-desktop-addins\Attribute Assistant Add In\AttributeAssistantAddIn\AttributeAssistantEditorExtension.cs' [15655' 15674])
Duplicate Abstraction,ArcGIS4LocalGovernment,LastValueEntry,D:\research\architectureSmells\repos\Esri_local-government-desktop-addins\Attribute Assistant Add In\AttributeAssistantAddIn\AttributeAssistantEditorExtension.cs,The tool detected the smell in this class because a set of code clones has been found and at least one of the clones found in this class. List of code clones with start and end line numbers are:  LastValueEntry (D:\research\architectureSmells\repos\Esri_local-government-desktop-addins\Attribute Assistant Add In\AttributeAssistantAddIn\AttributeAssistantEditorExtension.cs' [13771' 13794])' LastValueEntry (D:\research\architectureSmells\repos\Esri_local-government-desktop-addins\Attribute Assistant Add In\AttributeAssistantAddIn\AttributeAssistantEditorExtension.cs' [14165' 14188])
Duplicate Abstraction,ArcGIS4LocalGovernment,LastValueEntry,D:\research\architectureSmells\repos\Esri_local-government-desktop-addins\Attribute Assistant Add In\AttributeAssistantAddIn\AttributeAssistantEditorExtension.cs,The tool detected the smell in this class because a set of code clones has been found and at least one of the clones found in this class. List of code clones with start and end line numbers are:  LastValueEntry (D:\research\architectureSmells\repos\Esri_local-government-desktop-addins\Attribute Assistant Add In\AttributeAssistantAddIn\AttributeAssistantEditorExtension.cs' [13796' 13815])' LastValueEntry (D:\research\architectureSmells\repos\Esri_local-government-desktop-addins\Attribute Assistant Add In\AttributeAssistantAddIn\AttributeAssistantEditorExtension.cs' [14240' 14259])' LastValueEntry (D:\research\architectureSmells\repos\Esri_local-government-desktop-addins\Attribute Assistant Add In\AttributeAssistantAddIn\AttributeAssistantEditorExtension.cs' [14611' 14630])
Duplicate Abstraction,ArcGIS4LocalGovernment,LastValueEntry,D:\research\architectureSmells\repos\Esri_local-government-desktop-addins\Attribute Assistant Add In\AttributeAssistantAddIn\AttributeAssistantEditorExtension.cs,The tool detected the smell in this class because a set of code clones has been found and at least one of the clones found in this class. List of code clones with start and end line numbers are:  LastValueEntry (D:\research\architectureSmells\repos\Esri_local-government-desktop-addins\Attribute Assistant Add In\AttributeAssistantAddIn\AttributeAssistantEditorExtension.cs' [13883' 13909])' LastValueEntry (D:\research\architectureSmells\repos\Esri_local-government-desktop-addins\Attribute Assistant Add In\AttributeAssistantAddIn\AttributeAssistantEditorExtension.cs' [14302' 14328])
Duplicate Abstraction,ArcGIS4LocalGovernment,LastValueEntry,D:\research\architectureSmells\repos\Esri_local-government-desktop-addins\Attribute Assistant Add In\AttributeAssistantAddIn\AttributeAssistantEditorExtension.cs,The tool detected the smell in this class because a set of code clones has been found and at least one of the clones found in this class. List of code clones with start and end line numbers are:  LastValueEntry (D:\research\architectureSmells\repos\Esri_local-government-desktop-addins\Attribute Assistant Add In\AttributeAssistantAddIn\AttributeAssistantEditorExtension.cs' [13945' 13966])' LastValueEntry (D:\research\architectureSmells\repos\Esri_local-government-desktop-addins\Attribute Assistant Add In\AttributeAssistantAddIn\AttributeAssistantEditorExtension.cs' [15278' 15299])' LastValueEntry (D:\research\architectureSmells\repos\Esri_local-government-desktop-addins\Attribute Assistant Add In\AttributeAssistantAddIn\AttributeAssistantEditorExtension.cs' [15657' 15678])
Duplicate Abstraction,ArcGIS4LocalGovernment,LastValueEntry,D:\research\architectureSmells\repos\Esri_local-government-desktop-addins\Attribute Assistant Add In\AttributeAssistantAddIn\AttributeAssistantEditorExtension.cs,The tool detected the smell in this class because a set of code clones has been found and at least one of the clones found in this class. List of code clones with start and end line numbers are:  LastValueEntry (D:\research\architectureSmells\repos\Esri_local-government-desktop-addins\Attribute Assistant Add In\AttributeAssistantAddIn\AttributeAssistantEditorExtension.cs' [14768' 14818])' LastValueEntry (D:\research\architectureSmells\repos\Esri_local-government-desktop-addins\Attribute Assistant Add In\AttributeAssistantAddIn\AttributeAssistantEditorExtension.cs' [14821' 14871])
Duplicate Abstraction,ArcGIS4LocalGovernment,LastValueEntry,D:\research\architectureSmells\repos\Esri_local-government-desktop-addins\Attribute Assistant Add In\AttributeAssistantAddIn\AttributeAssistantEditorExtension.cs,The tool detected the smell in this class because a set of code clones has been found and at least one of the clones found in this class. List of code clones with start and end line numbers are:  LastValueEntry (D:\research\architectureSmells\repos\Esri_local-government-desktop-addins\Attribute Assistant Add In\AttributeAssistantAddIn\AttributeAssistantEditorExtension.cs' [14891' 14932])' LastValueEntry (D:\research\architectureSmells\repos\Esri_local-government-desktop-addins\Attribute Assistant Add In\AttributeAssistantAddIn\AttributeAssistantEditorExtension.cs' [15543' 15584])
Duplicate Abstraction,ArcGIS4LocalGovernment,LastValueEntry,D:\research\architectureSmells\repos\Esri_local-government-desktop-addins\Attribute Assistant Add In\AttributeAssistantAddIn\AttributeAssistantEditorExtension.cs,The tool detected the smell in this class because a set of code clones has been found and at least one of the clones found in this class. List of code clones with start and end line numbers are:  LastValueEntry (D:\research\architectureSmells\repos\Esri_local-government-desktop-addins\Attribute Assistant Add In\AttributeAssistantAddIn\AttributeAssistantEditorExtension.cs' [14891' 14927])' LastValueEntry (D:\research\architectureSmells\repos\Esri_local-government-desktop-addins\Attribute Assistant Add In\AttributeAssistantAddIn\AttributeAssistantEditorExtension.cs' [16380' 16416])' LastValueEntry (D:\research\architectureSmells\repos\Esri_local-government-desktop-addins\Attribute Assistant Add In\AttributeAssistantAddIn\AttributeAssistantEditorExtension.cs' [15543' 15579])
Duplicate Abstraction,ArcGIS4LocalGovernment,LastValueEntry,D:\research\architectureSmells\repos\Esri_local-government-desktop-addins\Attribute Assistant Add In\AttributeAssistantAddIn\AttributeAssistantEditorExtension.cs,The tool detected the smell in this class because a set of code clones has been found and at least one of the clones found in this class. List of code clones with start and end line numbers are:  LastValueEntry (D:\research\architectureSmells\repos\Esri_local-government-desktop-addins\Attribute Assistant Add In\AttributeAssistantAddIn\AttributeAssistantEditorExtension.cs' [15274' 15294])' LastValueEntry (D:\research\architectureSmells\repos\Esri_local-government-desktop-addins\Attribute Assistant Add In\AttributeAssistantAddIn\AttributeAssistantEditorExtension.cs' [15653' 15673])
Duplicate Abstraction,ArcGIS4LocalGovernment,LastValueEntry,D:\research\architectureSmells\repos\Esri_local-government-desktop-addins\Attribute Assistant Add In\AttributeAssistantAddIn\AttributeAssistantEditorExtension.cs,The tool detected the smell in this class because a set of code clones has been found and at least one of the clones found in this class. List of code clones with start and end line numbers are:  LastValueEntry (D:\research\architectureSmells\repos\Esri_local-government-desktop-addins\Attribute Assistant Add In\AttributeAssistantAddIn\AttributeAssistantEditorExtension.cs' [15537' 15561])' LastValueEntry (D:\research\architectureSmells\repos\Esri_local-government-desktop-addins\Attribute Assistant Add In\AttributeAssistantAddIn\AttributeAssistantEditorExtension.cs' [16374' 16398])
Duplicate Abstraction,ArcGIS4LocalGovernment,LastValueEntry,D:\research\architectureSmells\repos\Esri_local-government-desktop-addins\Attribute Assistant Add In\AttributeAssistantAddIn\AttributeAssistantEditorExtension.cs,The tool detected the smell in this class because a set of code clones has been found and at least one of the clones found in this class. List of code clones with start and end line numbers are:  LastValueEntry (D:\research\architectureSmells\repos\Esri_local-government-desktop-addins\Attribute Assistant Add In\AttributeAssistantAddIn\AttributeAssistantEditorExtension.cs' [15853' 15875])' LastValueEntry (D:\research\architectureSmells\repos\Esri_local-government-desktop-addins\Attribute Assistant Add In\AttributeAssistantAddIn\AttributeAssistantEditorExtension.cs' [15878' 15900])
Duplicate Abstraction,ArcGIS4LocalGovernment,LastValueEntry,D:\research\architectureSmells\repos\Esri_local-government-desktop-addins\Attribute Assistant Add In\AttributeAssistantAddIn\AttributeAssistantEditorExtension.cs,The tool detected the smell in this class because a set of code clones has been found and at least one of the clones found in this class. List of code clones with start and end line numbers are:  LastValueEntry (D:\research\architectureSmells\repos\Esri_local-government-desktop-addins\Attribute Assistant Add In\AttributeAssistantAddIn\AttributeAssistantEditorExtension.cs' [16162' 16224])' LastValueEntry (D:\research\architectureSmells\repos\Esri_local-government-desktop-addins\Attribute Assistant Add In\AttributeAssistantAddIn\AttributeAssistantEditorExtension.cs' [16238' 16300])
Duplicate Abstraction,ArcGIS4LocalGovernment,LastValueEntry,D:\research\architectureSmells\repos\Esri_local-government-desktop-addins\Attribute Assistant Add In\AttributeAssistantAddIn\AttributeAssistantEditorExtension.cs,The tool detected the smell in this class because a set of code clones has been found and at least one of the clones found in this class. List of code clones with start and end line numbers are:  LastValueEntry (D:\research\architectureSmells\repos\Esri_local-government-desktop-addins\Attribute Assistant Add In\AttributeAssistantAddIn\AttributeAssistantEditorExtension.cs' [16487' 16510])' LastValueEntry (D:\research\architectureSmells\repos\Esri_local-government-desktop-addins\Attribute Assistant Add In\AttributeAssistantAddIn\AttributeAssistantEditorExtension.cs' [16539' 16562])
Duplicate Abstraction,ArcGIS4LocalGovernment,LastValueEntry,D:\research\architectureSmells\repos\Esri_local-government-desktop-addins\Attribute Assistant Add In\AttributeAssistantAddIn\AttributeAssistantEditorExtension.cs,The tool detected the smell in this class because a set of code clones has been found and at least one of the clones found in this class. List of code clones with start and end line numbers are:  LastValueEntry (D:\research\architectureSmells\repos\Esri_local-government-desktop-addins\Attribute Assistant Add In\AttributeAssistantAddIn\AttributeAssistantEditorExtension.cs' [16916' 17037])' LastValueEntry (D:\research\architectureSmells\repos\Esri_local-government-desktop-addins\Attribute Assistant Add In\AttributeAssistantAddIn\AttributeAssistantEditorExtension.cs' [17236' 17357])
Duplicate Abstraction,ArcGIS4LocalGovernment,LastValueEntry,D:\research\architectureSmells\repos\Esri_local-government-desktop-addins\Attribute Assistant Add In\AttributeAssistantAddIn\AttributeAssistantEditorExtension.cs,The tool detected the smell in this class because a set of code clones has been found and at least one of the clones found in this class. List of code clones with start and end line numbers are:  LastValueEntry (D:\research\architectureSmells\repos\Esri_local-government-desktop-addins\Attribute Assistant Add In\AttributeAssistantAddIn\AttributeAssistantEditorExtension.cs' [16919' 16990])' LastValueEntry (D:\research\architectureSmells\repos\Esri_local-government-desktop-addins\Attribute Assistant Add In\AttributeAssistantAddIn\AttributeAssistantEditorExtension.cs' [17138' 17209])' LastValueEntry (D:\research\architectureSmells\repos\Esri_local-government-desktop-addins\Attribute Assistant Add In\AttributeAssistantAddIn\AttributeAssistantEditorExtension.cs' [17460' 17531])' LastValueEntry (D:\research\architectureSmells\repos\Esri_local-government-desktop-addins\Attribute Assistant Add In\AttributeAssistantAddIn\AttributeAssistantEditorExtension.cs' [17239' 17310])
Duplicate Abstraction,ArcGIS4LocalGovernment,LastValueEntry,D:\research\architectureSmells\repos\Esri_local-government-desktop-addins\Attribute Assistant Add In\AttributeAssistantAddIn\AttributeAssistantEditorExtension.cs,The tool detected the smell in this class because a set of code clones has been found and at least one of the clones found in this class. List of code clones with start and end line numbers are:  LastValueEntry (D:\research\architectureSmells\repos\Esri_local-government-desktop-addins\Attribute Assistant Add In\AttributeAssistantAddIn\AttributeAssistantEditorExtension.cs' [17138' 17211])' LastValueEntry (D:\research\architectureSmells\repos\Esri_local-government-desktop-addins\Attribute Assistant Add In\AttributeAssistantAddIn\AttributeAssistantEditorExtension.cs' [17460' 17533])
Duplicate Abstraction,ArcGIS4LocalGovernment,LastValueEntry,D:\research\architectureSmells\repos\Esri_local-government-desktop-addins\Attribute Assistant Add In\AttributeAssistantAddIn\AttributeAssistantEditorExtension.cs,The tool detected the smell in this class because a set of code clones has been found and at least one of the clones found in this class. List of code clones with start and end line numbers are:  LastValueEntry (D:\research\architectureSmells\repos\Esri_local-government-desktop-addins\Attribute Assistant Add In\AttributeAssistantAddIn\AttributeAssistantEditorExtension.cs' [16921' 16940])' LastValueEntry (D:\research\architectureSmells\repos\Esri_local-government-desktop-addins\Attribute Assistant Add In\AttributeAssistantAddIn\AttributeAssistantEditorExtension.cs' [16942' 16961])' LastValueEntry (D:\research\architectureSmells\repos\Esri_local-government-desktop-addins\Attribute Assistant Add In\AttributeAssistantAddIn\AttributeAssistantEditorExtension.cs' [17140' 17159])' LastValueEntry (D:\research\architectureSmells\repos\Esri_local-government-desktop-addins\Attribute Assistant Add In\AttributeAssistantAddIn\AttributeAssistantEditorExtension.cs' [17161' 17180])' LastValueEntry (D:\research\architectureSmells\repos\Esri_local-government-desktop-addins\Attribute Assistant Add In\AttributeAssistantAddIn\AttributeAssistantEditorExtension.cs' [17241' 17260])' LastValueEntry (D:\research\architectureSmells\repos\Esri_local-government-desktop-addins\Attribute Assistant Add In\AttributeAssistantAddIn\AttributeAssistantEditorExtension.cs' [17262' 17281])' LastValueEntry (D:\research\architectureSmells\repos\Esri_local-government-desktop-addins\Attribute Assistant Add In\AttributeAssistantAddIn\AttributeAssistantEditorExtension.cs' [17462' 17481])' LastValueEntry (D:\research\architectureSmells\repos\Esri_local-government-desktop-addins\Attribute Assistant Add In\AttributeAssistantAddIn\AttributeAssistantEditorExtension.cs' [17483' 17502])
Duplicate Abstraction,ArcGIS4LocalGovernment,LastValueEntry,D:\research\architectureSmells\repos\Esri_local-government-desktop-addins\Attribute Assistant Add In\AttributeAssistantAddIn\AttributeAssistantEditorExtension.cs,The tool detected the smell in this class because a set of code clones has been found and at least one of the clones found in this class. List of code clones with start and end line numbers are:  LastValueEntry (D:\research\architectureSmells\repos\Esri_local-government-desktop-addins\Attribute Assistant Add In\AttributeAssistantAddIn\AttributeAssistantEditorExtension.cs' [16921' 16940])' LastValueEntry (D:\research\architectureSmells\repos\Esri_local-government-desktop-addins\Attribute Assistant Add In\AttributeAssistantAddIn\AttributeAssistantEditorExtension.cs' [16942' 16961])' LastValueEntry (D:\research\architectureSmells\repos\Esri_local-government-desktop-addins\Attribute Assistant Add In\AttributeAssistantAddIn\AttributeAssistantEditorExtension.cs' [17161' 17180])' LastValueEntry (D:\research\architectureSmells\repos\Esri_local-government-desktop-addins\Attribute Assistant Add In\AttributeAssistantAddIn\AttributeAssistantEditorExtension.cs' [17262' 17281])' LastValueEntry (D:\research\architectureSmells\repos\Esri_local-government-desktop-addins\Attribute Assistant Add In\AttributeAssistantAddIn\AttributeAssistantEditorExtension.cs' [17483' 17502])' LastValueEntry (D:\research\architectureSmells\repos\Esri_local-government-desktop-addins\Attribute Assistant Add In\AttributeAssistantAddIn\AttributeAssistantEditorExtension.cs' [17140' 17159])' LastValueEntry (D:\research\architectureSmells\repos\Esri_local-government-desktop-addins\Attribute Assistant Add In\AttributeAssistantAddIn\AttributeAssistantEditorExtension.cs' [17241' 17260])' LastValueEntry (D:\research\architectureSmells\repos\Esri_local-government-desktop-addins\Attribute Assistant Add In\AttributeAssistantAddIn\AttributeAssistantEditorExtension.cs' [17462' 17481])
Duplicate Abstraction,ArcGIS4LocalGovernment,LastValueEntry,D:\research\architectureSmells\repos\Esri_local-government-desktop-addins\Attribute Assistant Add In\AttributeAssistantAddIn\AttributeAssistantEditorExtension.cs,The tool detected the smell in this class because a set of code clones has been found and at least one of the clones found in this class. List of code clones with start and end line numbers are:  LastValueEntry (D:\research\architectureSmells\repos\Esri_local-government-desktop-addins\Attribute Assistant Add In\AttributeAssistantAddIn\AttributeAssistantEditorExtension.cs' [16993' 17012])' LastValueEntry (D:\research\architectureSmells\repos\Esri_local-government-desktop-addins\Attribute Assistant Add In\AttributeAssistantAddIn\AttributeAssistantEditorExtension.cs' [17014' 17033])' LastValueEntry (D:\research\architectureSmells\repos\Esri_local-government-desktop-addins\Attribute Assistant Add In\AttributeAssistantAddIn\AttributeAssistantEditorExtension.cs' [17334' 17353])' LastValueEntry (D:\research\architectureSmells\repos\Esri_local-government-desktop-addins\Attribute Assistant Add In\AttributeAssistantAddIn\AttributeAssistantEditorExtension.cs' [17313' 17332])
Duplicate Abstraction,ArcGIS4LocalGovernment,LastValueEntry,D:\research\architectureSmells\repos\Esri_local-government-desktop-addins\Attribute Assistant Add In\AttributeAssistantAddIn\AttributeAssistantEditorExtension.cs,The tool detected the smell in this class because a set of code clones has been found and at least one of the clones found in this class. List of code clones with start and end line numbers are:  LastValueEntry (D:\research\architectureSmells\repos\Esri_local-government-desktop-addins\Attribute Assistant Add In\AttributeAssistantAddIn\AttributeAssistantEditorExtension.cs' [17038' 17110])' LastValueEntry (D:\research\architectureSmells\repos\Esri_local-government-desktop-addins\Attribute Assistant Add In\AttributeAssistantAddIn\AttributeAssistantEditorExtension.cs' [17359' 17431])
Duplicate Abstraction,ArcGIS4LocalGovernment,LastValueEntry,D:\research\architectureSmells\repos\Esri_local-government-desktop-addins\Attribute Assistant Add In\AttributeAssistantAddIn\AttributeAssistantEditorExtension.cs,The tool detected the smell in this class because a set of code clones has been found and at least one of the clones found in this class. List of code clones with start and end line numbers are:  LastValueEntry (D:\research\architectureSmells\repos\Esri_local-government-desktop-addins\Attribute Assistant Add In\AttributeAssistantAddIn\AttributeAssistantEditorExtension.cs' [17066' 17085])' LastValueEntry (D:\research\architectureSmells\repos\Esri_local-government-desktop-addins\Attribute Assistant Add In\AttributeAssistantAddIn\AttributeAssistantEditorExtension.cs' [17087' 17106])' LastValueEntry (D:\research\architectureSmells\repos\Esri_local-government-desktop-addins\Attribute Assistant Add In\AttributeAssistantAddIn\AttributeAssistantEditorExtension.cs' [17408' 17427])' LastValueEntry (D:\research\architectureSmells\repos\Esri_local-government-desktop-addins\Attribute Assistant Add In\AttributeAssistantAddIn\AttributeAssistantEditorExtension.cs' [17387' 17406])
Duplicate Abstraction,ArcGIS4LocalGovernment,LastValueEntry,D:\research\architectureSmells\repos\Esri_local-government-desktop-addins\Attribute Assistant Add In\AttributeAssistantAddIn\AttributeAssistantEditorExtension.cs,The tool detected the smell in this class because a set of code clones has been found and at least one of the clones found in this class. List of code clones with start and end line numbers are:  LastValueEntry (D:\research\architectureSmells\repos\Esri_local-government-desktop-addins\Attribute Assistant Add In\AttributeAssistantAddIn\AttributeAssistantEditorExtension.cs' [17111' 17156])' LastValueEntry (D:\research\architectureSmells\repos\Esri_local-government-desktop-addins\Attribute Assistant Add In\AttributeAssistantAddIn\AttributeAssistantEditorExtension.cs' [17433' 17478])
Unutilized Abstraction,ArcGIS4LocalGovernment,AttributeAssistantEditorExtension,D:\research\architectureSmells\repos\Esri_local-government-desktop-addins\Attribute Assistant Add In\AttributeAssistantAddIn\AttributeAssistantEditorExtension.cs,The tool detected the smell in this class because this class is potentially unused.   (Please ignore the smell if the reported class is auto-generated and/or used to serve a specific known purpose.)
Unutilized Abstraction,ArcGIS4LocalGovernment,MonitorAA,D:\research\architectureSmells\repos\Esri_local-government-desktop-addins\Attribute Assistant Add In\AttributeAssistantAddIn\AttributeAssistantCommands.cs,The tool detected the smell in this class because this class is potentially unused.   (Please ignore the smell if the reported class is auto-generated and/or used to serve a specific known purpose.)
Duplicate Abstraction,ArcGIS4LocalGovernment,MonitorAA,D:\research\architectureSmells\repos\Esri_local-government-desktop-addins\Attribute Assistant Add In\AttributeAssistantAddIn\AttributeAssistantCommands.cs,The tool detected the smell in this class because a set of code clones has been found and at least one of the clones found in this class. List of code clones with start and end line numbers are:  MonitorAA (D:\research\architectureSmells\repos\Esri_local-government-desktop-addins\Attribute Assistant Add In\AttributeAssistantAddIn\AttributeAssistantCommands.cs' [255' 287])' MonitorAA (D:\research\architectureSmells\repos\Esri_local-government-desktop-addins\Attribute Assistant Add In\AttributeAssistantAddIn\AttributeAssistantCommands.cs' [672' 704])' MonitorAA (D:\research\architectureSmells\repos\Esri_local-government-desktop-addins\Attribute Assistant Add In\AttributeAssistantAddIn\AttributeAssistantCommands.cs' [966' 998])' MonitorAA (D:\research\architectureSmells\repos\Esri_local-government-desktop-addins\Attribute Assistant Add In\AttributeAssistantAddIn\AttributeAssistantCommands.cs' [1362' 1394])
Duplicate Abstraction,ArcGIS4LocalGovernment,MonitorAA,D:\research\architectureSmells\repos\Esri_local-government-desktop-addins\Attribute Assistant Add In\AttributeAssistantAddIn\AttributeAssistantCommands.cs,The tool detected the smell in this class because a set of code clones has been found and at least one of the clones found in this class. List of code clones with start and end line numbers are:  MonitorAA (D:\research\architectureSmells\repos\Esri_local-government-desktop-addins\Attribute Assistant Add In\AttributeAssistantAddIn\AttributeAssistantCommands.cs' [314' 344])' MonitorAA (D:\research\architectureSmells\repos\Esri_local-government-desktop-addins\Attribute Assistant Add In\AttributeAssistantAddIn\AttributeAssistantCommands.cs' [1024' 1054])' MonitorAA (D:\research\architectureSmells\repos\Esri_local-government-desktop-addins\Attribute Assistant Add In\AttributeAssistantAddIn\AttributeAssistantCommands.cs' [1421' 1451])
Duplicate Abstraction,ArcGIS4LocalGovernment,MonitorAA,D:\research\architectureSmells\repos\Esri_local-government-desktop-addins\Attribute Assistant Add In\AttributeAssistantAddIn\AttributeAssistantCommands.cs,The tool detected the smell in this class because a set of code clones has been found and at least one of the clones found in this class. List of code clones with start and end line numbers are:  MonitorAA (D:\research\architectureSmells\repos\Esri_local-government-desktop-addins\Attribute Assistant Add In\AttributeAssistantAddIn\AttributeAssistantCommands.cs' [314' 353])' MonitorAA (D:\research\architectureSmells\repos\Esri_local-government-desktop-addins\Attribute Assistant Add In\AttributeAssistantAddIn\AttributeAssistantCommands.cs' [1421' 1460])
Duplicate Abstraction,ArcGIS4LocalGovernment,MonitorAA,D:\research\architectureSmells\repos\Esri_local-government-desktop-addins\Attribute Assistant Add In\AttributeAssistantAddIn\AttributeAssistantCommands.cs,The tool detected the smell in this class because a set of code clones has been found and at least one of the clones found in this class. List of code clones with start and end line numbers are:  MonitorAA (D:\research\architectureSmells\repos\Esri_local-government-desktop-addins\Attribute Assistant Add In\AttributeAssistantAddIn\AttributeAssistantCommands.cs' [357' 388])' MonitorAA (D:\research\architectureSmells\repos\Esri_local-government-desktop-addins\Attribute Assistant Add In\AttributeAssistantAddIn\AttributeAssistantCommands.cs' [755' 786])
Duplicate Abstraction,ArcGIS4LocalGovernment,MonitorAA,D:\research\architectureSmells\repos\Esri_local-government-desktop-addins\Attribute Assistant Add In\AttributeAssistantAddIn\AttributeAssistantCommands.cs,The tool detected the smell in this class because a set of code clones has been found and at least one of the clones found in this class. List of code clones with start and end line numbers are:  MonitorAA (D:\research\architectureSmells\repos\Esri_local-government-desktop-addins\Attribute Assistant Add In\AttributeAssistantAddIn\AttributeAssistantCommands.cs' [357' 386])' MonitorAA (D:\research\architectureSmells\repos\Esri_local-government-desktop-addins\Attribute Assistant Add In\AttributeAssistantAddIn\AttributeAssistantCommands.cs' [1465' 1494])' MonitorAA (D:\research\architectureSmells\repos\Esri_local-government-desktop-addins\Attribute Assistant Add In\AttributeAssistantAddIn\AttributeAssistantCommands.cs' [755' 784])
Duplicate Abstraction,ArcGIS4LocalGovernment,MonitorAA,D:\research\architectureSmells\repos\Esri_local-government-desktop-addins\Attribute Assistant Add In\AttributeAssistantAddIn\AttributeAssistantCommands.cs,The tool detected the smell in this class because a set of code clones has been found and at least one of the clones found in this class. List of code clones with start and end line numbers are:  MonitorAA (D:\research\architectureSmells\repos\Esri_local-government-desktop-addins\Attribute Assistant Add In\AttributeAssistantAddIn\AttributeAssistantCommands.cs' [413' 444])' MonitorAA (D:\research\architectureSmells\repos\Esri_local-government-desktop-addins\Attribute Assistant Add In\AttributeAssistantAddIn\AttributeAssistantCommands.cs' [1513' 1544])
Duplicate Abstraction,ArcGIS4LocalGovernment,MonitorAA,D:\research\architectureSmells\repos\Esri_local-government-desktop-addins\Attribute Assistant Add In\AttributeAssistantAddIn\AttributeAssistantCommands.cs,The tool detected the smell in this class because a set of code clones has been found and at least one of the clones found in this class. List of code clones with start and end line numbers are:  MonitorAA (D:\research\architectureSmells\repos\Esri_local-government-desktop-addins\Attribute Assistant Add In\AttributeAssistantAddIn\AttributeAssistantCommands.cs' [471' 497])' MonitorAA (D:\research\architectureSmells\repos\Esri_local-government-desktop-addins\Attribute Assistant Add In\AttributeAssistantAddIn\AttributeAssistantCommands.cs' [865' 891])
Duplicate Abstraction,ArcGIS4LocalGovernment,MonitorAA,D:\research\architectureSmells\repos\Esri_local-government-desktop-addins\Attribute Assistant Add In\AttributeAssistantAddIn\AttributeAssistantCommands.cs,The tool detected the smell in this class because a set of code clones has been found and at least one of the clones found in this class. List of code clones with start and end line numbers are:  MonitorAA (D:\research\architectureSmells\repos\Esri_local-government-desktop-addins\Attribute Assistant Add In\AttributeAssistantAddIn\AttributeAssistantCommands.cs' [489' 516])' MonitorAA (D:\research\architectureSmells\repos\Esri_local-government-desktop-addins\Attribute Assistant Add In\AttributeAssistantAddIn\AttributeAssistantCommands.cs' [1187' 1214])' MonitorAA (D:\research\architectureSmells\repos\Esri_local-government-desktop-addins\Attribute Assistant Add In\AttributeAssistantAddIn\AttributeAssistantCommands.cs' [1595' 1622])
Duplicate Abstraction,ArcGIS4LocalGovernment,MonitorAA,D:\research\architectureSmells\repos\Esri_local-government-desktop-addins\Attribute Assistant Add In\AttributeAssistantAddIn\AttributeAssistantCommands.cs,The tool detected the smell in this class because a set of code clones has been found and at least one of the clones found in this class. List of code clones with start and end line numbers are:  MonitorAA (D:\research\architectureSmells\repos\Esri_local-government-desktop-addins\Attribute Assistant Add In\AttributeAssistantAddIn\AttributeAssistantCommands.cs' [626' 645])' MonitorAA (D:\research\architectureSmells\repos\Esri_local-government-desktop-addins\Attribute Assistant Add In\AttributeAssistantAddIn\AttributeAssistantCommands.cs' [1317' 1336])' MonitorAA (D:\research\architectureSmells\repos\Esri_local-government-desktop-addins\Attribute Assistant Add In\AttributeAssistantAddIn\AttributeAssistantCommands.cs' [647' 666])' MonitorAA (D:\research\architectureSmells\repos\Esri_local-government-desktop-addins\Attribute Assistant Add In\AttributeAssistantAddIn\AttributeAssistantCommands.cs' [941' 960])
Duplicate Abstraction,ArcGIS4LocalGovernment,MonitorAA,D:\research\architectureSmells\repos\Esri_local-government-desktop-addins\Attribute Assistant Add In\AttributeAssistantAddIn\AttributeAssistantCommands.cs,The tool detected the smell in this class because a set of code clones has been found and at least one of the clones found in this class. List of code clones with start and end line numbers are:  MonitorAA (D:\research\architectureSmells\repos\Esri_local-government-desktop-addins\Attribute Assistant Add In\AttributeAssistantAddIn\AttributeAssistantCommands.cs' [752' 773])' MonitorAA (D:\research\architectureSmells\repos\Esri_local-government-desktop-addins\Attribute Assistant Add In\AttributeAssistantAddIn\AttributeAssistantCommands.cs' [1462' 1483])
Duplicate Abstraction,ArcGIS4LocalGovernment,MonitorAA,D:\research\architectureSmells\repos\Esri_local-government-desktop-addins\Attribute Assistant Add In\AttributeAssistantAddIn\AttributeAssistantCommands.cs,The tool detected the smell in this class because a set of code clones has been found and at least one of the clones found in this class. List of code clones with start and end line numbers are:  MonitorAA (D:\research\architectureSmells\repos\Esri_local-government-desktop-addins\Attribute Assistant Add In\AttributeAssistantAddIn\AttributeAssistantCommands.cs' [1238' 1259])' MonitorAA (D:\research\architectureSmells\repos\Esri_local-government-desktop-addins\Attribute Assistant Add In\AttributeAssistantAddIn\AttributeAssistantCommands.cs' [1652' 1673])
Unutilized Abstraction,ArcGIS4LocalGovernment,AttributeAssistantLoadLastValue,D:\research\architectureSmells\repos\Esri_local-government-desktop-addins\Attribute Assistant Add In\AttributeAssistantAddIn\AttributeAssistantCommands.cs,The tool detected the smell in this class because this class is potentially unused.   (Please ignore the smell if the reported class is auto-generated and/or used to serve a specific known purpose.)
Unutilized Abstraction,ArcGIS4LocalGovernment,AttributeAssistantToggleCommand,D:\research\architectureSmells\repos\Esri_local-government-desktop-addins\Attribute Assistant Add In\AttributeAssistantAddIn\AttributeAssistantCommands.cs,The tool detected the smell in this class because this class is potentially unused.   (Please ignore the smell if the reported class is auto-generated and/or used to serve a specific known purpose.)
Unutilized Abstraction,ArcGIS4LocalGovernment,AttributeAssistantSuspendCommand,D:\research\architectureSmells\repos\Esri_local-government-desktop-addins\Attribute Assistant Add In\AttributeAssistantAddIn\AttributeAssistantCommands.cs,The tool detected the smell in this class because this class is potentially unused.   (Please ignore the smell if the reported class is auto-generated and/or used to serve a specific known purpose.)
Unutilized Abstraction,ArcGIS4LocalGovernment,AttributeAssistantSuspendOnCommand,D:\research\architectureSmells\repos\Esri_local-government-desktop-addins\Attribute Assistant Add In\AttributeAssistantAddIn\AttributeAssistantCommands.cs,The tool detected the smell in this class because this class is potentially unused.   (Please ignore the smell if the reported class is auto-generated and/or used to serve a specific known purpose.)
Unutilized Abstraction,ArcGIS4LocalGovernment,AttributeAssistantSuspendOffCommand,D:\research\architectureSmells\repos\Esri_local-government-desktop-addins\Attribute Assistant Add In\AttributeAssistantAddIn\AttributeAssistantCommands.cs,The tool detected the smell in this class because this class is potentially unused.   (Please ignore the smell if the reported class is auto-generated and/or used to serve a specific known purpose.)
Imperative Abstraction,ArcGIS4LocalGovernment,RunChangeRulesCommand,D:\research\architectureSmells\repos\Esri_local-government-desktop-addins\Attribute Assistant Add In\AttributeAssistantAddIn\AttributeAssistantCommands.cs,The tool detected the smell in this class because it looks like that an operation is turned into a class. This class contains only the following public method: RunChangeRules
Unutilized Abstraction,ArcGIS4LocalGovernment,RunChangeRulesCommand,D:\research\architectureSmells\repos\Esri_local-government-desktop-addins\Attribute Assistant Add In\AttributeAssistantAddIn\AttributeAssistantCommands.cs,The tool detected the smell in this class because this class is potentially unused.   (Please ignore the smell if the reported class is auto-generated and/or used to serve a specific known purpose.)
Imperative Abstraction,ArcGIS4LocalGovernment,RunChangeGeoRulesCommand,D:\research\architectureSmells\repos\Esri_local-government-desktop-addins\Attribute Assistant Add In\AttributeAssistantAddIn\AttributeAssistantCommands.cs,The tool detected the smell in this class because it looks like that an operation is turned into a class. This class contains only the following public method: RunChangeGeoRules
Unutilized Abstraction,ArcGIS4LocalGovernment,RunChangeGeoRulesCommand,D:\research\architectureSmells\repos\Esri_local-government-desktop-addins\Attribute Assistant Add In\AttributeAssistantAddIn\AttributeAssistantCommands.cs,The tool detected the smell in this class because this class is potentially unused.   (Please ignore the smell if the reported class is auto-generated and/or used to serve a specific known purpose.)
Imperative Abstraction,ArcGIS4LocalGovernment,RunManualRulesCommand,D:\research\architectureSmells\repos\Esri_local-government-desktop-addins\Attribute Assistant Add In\AttributeAssistantAddIn\AttributeAssistantCommands.cs,The tool detected the smell in this class because it looks like that an operation is turned into a class. This class contains only the following public method: RunManualRules
Unutilized Abstraction,ArcGIS4LocalGovernment,RunManualRulesCommand,D:\research\architectureSmells\repos\Esri_local-government-desktop-addins\Attribute Assistant Add In\AttributeAssistantAddIn\AttributeAssistantCommands.cs,The tool detected the smell in this class because this class is potentially unused.   (Please ignore the smell if the reported class is auto-generated and/or used to serve a specific known purpose.)
Imperative Abstraction,ArcGIS4LocalGovernment,RunCreateRulesCommand,D:\research\architectureSmells\repos\Esri_local-government-desktop-addins\Attribute Assistant Add In\AttributeAssistantAddIn\AttributeAssistantCommands.cs,The tool detected the smell in this class because it looks like that an operation is turned into a class. This class contains only the following public method: RunCreateRules
Unutilized Abstraction,ArcGIS4LocalGovernment,RunCreateRulesCommand,D:\research\architectureSmells\repos\Esri_local-government-desktop-addins\Attribute Assistant Add In\AttributeAssistantAddIn\AttributeAssistantCommands.cs,The tool detected the smell in this class because this class is potentially unused.   (Please ignore the smell if the reported class is auto-generated and/or used to serve a specific known purpose.)
Unutilized Abstraction,ArcGIS4LocalGovernment,ShowConfigForm,D:\research\architectureSmells\repos\Esri_local-government-desktop-addins\Attribute Assistant Add In\AttributeAssistantAddIn\AttributeAssistantCommands.cs,The tool detected the smell in this class because this class is potentially unused.   (Please ignore the smell if the reported class is auto-generated and/or used to serve a specific known purpose.)
Imperative Abstraction,ArcGIS4LocalGovernment,ThisAddIn,D:\research\architectureSmells\repos\Esri_local-government-desktop-addins\Attribute Assistant Add In\AttributeAssistantAddIn\Config.Designer.cs,The tool detected the smell in this class because it looks like that an operation is turned into a class. This class contains only the following public method: ToUID
Unutilized Abstraction,ArcGIS4LocalGovernment,ThisAddIn,D:\research\architectureSmells\repos\Esri_local-government-desktop-addins\Attribute Assistant Add In\AttributeAssistantAddIn\Config.Designer.cs,The tool detected the smell in this class because this class is potentially unused.   (Please ignore the smell if the reported class is auto-generated and/or used to serve a specific known purpose.)
Unutilized Abstraction,ArcGIS4LocalGovernment,IDs,D:\research\architectureSmells\repos\Esri_local-government-desktop-addins\Attribute Assistant Add In\AttributeAssistantAddIn\Config.Designer.cs,The tool detected the smell in this class because this class is potentially unused.   (Please ignore the smell if the reported class is auto-generated and/or used to serve a specific known purpose.)
Deficient Encapsulation,ArcGIS4LocalGovernment,AAState,D:\research\architectureSmells\repos\Esri_local-government-desktop-addins\Attribute Assistant Add In\AttributeAssistantAddIn\AttributeAssistantEditorExtension.cs,The tool detected the smell in this class because the class exposes fields belonging to it with public accessibility. Following fields are declared with public accessiblity: lastValueProperties' _filePath' triggerByTools' _sr1' rCalc' _processCount' _editEvents' _editEvents2' _onStopOperationEvent' _objectClassEventList' _currentUserInfo' _Suspend' bmpOff' bmpOn' commandItem' _gentab' _gentabWorkspace' _tab' _dt' _dv' _editor' _sw' indent' _fabricLayers' _fabricObjectClasses' _fabricObjectClassIds' _fabricInMemTablesLookUp' _CheckEnvelope' _bypassEditOperationCheck' _onCreateWhenSplit' _showCommentsOnPrompt' _setStoreEventsRequired' _defaultsTableName' _sequenceTableName' setOff' _seqNameField' _seqCounterField' _seqIntervalField' _clearLastValue' _clearLastValueStopEdit' _generateIDStoreProceName
Deficient Encapsulation,ArcGIS4LocalGovernment,AAState,D:\research\architectureSmells\repos\Esri_local-government-desktop-addins\Attribute Assistant Add In\AttributeAssistantAddIn\AttributeAssistantEditorExtension.cs,The tool detected the smell in this class because the class declares global (public static) fields. Following fields are declared with public static modifiers: lastValueProperties' _filePath' triggerByTools' _sr1' rCalc' _processCount' _editEvents' _editEvents2' _onStopOperationEvent' _objectClassEventList' _currentUserInfo' _Suspend' bmpOff' bmpOn' commandItem' _gentab' _gentabWorkspace' _tab' _dt' _dv' _editor' _sw' indent' _fabricLayers' _fabricObjectClasses' _fabricObjectClassIds' _fabricInMemTablesLookUp' _CheckEnvelope' _bypassEditOperationCheck' _onCreateWhenSplit' _showCommentsOnPrompt' _setStoreEventsRequired' _defaultsTableName' _sequenceTableName' setOff' _seqNameField' _seqCounterField' _seqIntervalField' _clearLastValue' _clearLastValueStopEdit' _generateIDStoreProceName
Insufficient Modularization,ArcGIS4LocalGovernment,AAState,D:\research\architectureSmells\repos\Esri_local-government-desktop-addins\Attribute Assistant Add In\AttributeAssistantAddIn\AttributeAssistantEditorExtension.cs,The tool detected the smell in this class becuase the class has bloated interface (large number of public methods). Total public methods in the class: 24 public methods
Insufficient Modularization,ArcGIS4LocalGovernment,AAState,D:\research\architectureSmells\repos\Esri_local-government-desktop-addins\Attribute Assistant Add In\AttributeAssistantAddIn\AttributeAssistantEditorExtension.cs,The tool detected the smell in this class because the class is highly complex. The sum of cyclomatic complexity of all methods of this class (i.e.' WMC) is: 118
Insufficient Modularization,ArcGIS4LocalGovernment,AttributeAssistantEditorExtension,D:\research\architectureSmells\repos\Esri_local-government-desktop-addins\Attribute Assistant Add In\AttributeAssistantAddIn\AttributeAssistantEditorExtension.cs,The tool detected the smell in this class because the class contains large number of methods. Total methods in the class: 39 methods
Insufficient Modularization,ArcGIS4LocalGovernment,AttributeAssistantEditorExtension,D:\research\architectureSmells\repos\Esri_local-government-desktop-addins\Attribute Assistant Add In\AttributeAssistantAddIn\AttributeAssistantEditorExtension.cs,The tool detected the smell in this class because the class is highly complex. The sum of cyclomatic complexity of all methods of this class (i.e.' WMC) is: 1957
Broken Modularization,ArcGIS4LocalGovernment,IDs,D:\research\architectureSmells\repos\Esri_local-government-desktop-addins\Attribute Assistant Add In\AttributeAssistantAddIn\Config.Designer.cs,The tool detected the smell in this class because it contains only data members without any method implementation. Following fields and properties are declared in this class: AttributeAssistantEditorExtension' AttributeAssistantToggleCommand' RunChangeRulesCommand' RunChangeGeoRulesCommand' RunManualRulesCommand' RunCreateRulesCommand' AttributeAssistantSuspendOffCommand' AttributeAssistantSuspendOnCommand' AttributeAssistantSuspendCommand' AttributeAssistantLoadLastValue' ShowConfigForm
Broken Modularization,ArcGIS4LocalGovernment,ArcMap,D:\research\architectureSmells\repos\Esri_local-government-desktop-addins\Attribute Assistant Add In\AttributeAssistantAddIn\Config.Designer.cs,The tool detected the smell in this class because it contains only data members without any method implementation. Following fields and properties are declared in this class: Application' Document' ThisApplication' DockableWindowManager' Events' s_app' s_docEvent
Rebellious Hierarchy,ArcGIS4LocalGovernment,AttributeAssistantLoadLastValue,D:\research\architectureSmells\repos\Esri_local-government-desktop-addins\Attribute Assistant Add In\AttributeAssistantAddIn\AttributeAssistantCommands.cs,The tool detected the smell in this class because method(s) of this class reject the methods provided by its supertypes. The method(s) that reject the suptertype's method are: OnUpdate
Rebellious Hierarchy,ArcGIS4LocalGovernment,AttributeAssistantSuspendCommand,D:\research\architectureSmells\repos\Esri_local-government-desktop-addins\Attribute Assistant Add In\AttributeAssistantAddIn\AttributeAssistantCommands.cs,The tool detected the smell in this class because method(s) of this class reject the methods provided by its supertypes. The method(s) that reject the suptertype's method are: OnUpdate
Rebellious Hierarchy,ArcGIS4LocalGovernment,AttributeAssistantSuspendOnCommand,D:\research\architectureSmells\repos\Esri_local-government-desktop-addins\Attribute Assistant Add In\AttributeAssistantAddIn\AttributeAssistantCommands.cs,The tool detected the smell in this class because method(s) of this class reject the methods provided by its supertypes. The method(s) that reject the suptertype's method are: OnUpdate
Rebellious Hierarchy,ArcGIS4LocalGovernment,AttributeAssistantSuspendOffCommand,D:\research\architectureSmells\repos\Esri_local-government-desktop-addins\Attribute Assistant Add In\AttributeAssistantAddIn\AttributeAssistantCommands.cs,The tool detected the smell in this class because method(s) of this class reject the methods provided by its supertypes. The method(s) that reject the suptertype's method are: OnUpdate
