Namespace,Type,Method,LOC,CC,PC
TS3QueryLib.Core,AsyncFileTransfer,DownloadFile,30,1,10
TS3QueryLib.Core,AsyncFileTransfer,DownloadFile,5,1,10
TS3QueryLib.Core,AsyncFileTransfer,UploadFile,4,1,9
TS3QueryLib.Core,AsyncFileTransfer,UploadFile,5,1,10
TS3QueryLib.Core,AsyncFileTransfer,UploadFile,30,1,11
TS3QueryLib.Core,AsyncFileTransfer,UploadData,7,2,11
TS3QueryLib.Core,AsyncFileTranserHelper,AsyncFileTranserHelper,11,3,5
TS3QueryLib.Core,AsyncFileTranserHelper,DownloadFile,3,1,5
TS3QueryLib.Core,AsyncFileTranserHelper,UploadFile,3,1,5
TS3QueryLib.Core,AsyncFileTranserHelper,Download_Connected,10,2,2
TS3QueryLib.Core,AsyncFileTranserHelper,Download_FileTransferKeySent,7,2,2
TS3QueryLib.Core,AsyncFileTranserHelper,Download_StartReadingData,11,2,1
TS3QueryLib.Core,AsyncFileTranserHelper,Download_FinishedReadingData,21,5,2
TS3QueryLib.Core,AsyncFileTranserHelper,HandleFileTransfer,10,1,6
TS3QueryLib.Core,AsyncFileTranserHelper,Upload_Connected,10,2,2
TS3QueryLib.Core,AsyncFileTranserHelper,Upload_FileTransferKeySent,7,2,2
TS3QueryLib.Core,AsyncFileTranserHelper,Upload_StartSendingData,17,3,1
TS3QueryLib.Core,AsyncFileTranserHelper,Upload_FinishedSendingData,19,4,2
TS3QueryLib.Core,AsyncFileTranserHelper,CheckOperationState,8,2,1
TS3QueryLib.Core,AsyncFileTranserHelper,CloseConnection,9,3,0
TS3QueryLib.Core,AsyncFileTranserHelper,OnError,5,2,1
TS3QueryLib.Core,AsyncFileTranserHelper,OnError,5,2,1
TS3QueryLib.Core,AsyncFileTranserHelper,OnConnected,4,2,0
TS3QueryLib.Core,AsyncFileTranserHelper,OnProgress,4,2,0
TS3QueryLib.Core,AsyncFileTranserHelper,OnFinished,5,2,0
TS3QueryLib.Core,AsyncHelper,RunSync,3,1,1
TS3QueryLib.Core,AsyncHelper,RunSync,3,1,1
TS3QueryLib.Core,AsyncTcpDispatcher,AsyncTcpDispatcher,3,1,2
TS3QueryLib.Core,AsyncTcpDispatcher,Connect,24,5,0
TS3QueryLib.Core,AsyncTcpDispatcher,Disconnect,26,4,0
TS3QueryLib.Core,AsyncTcpDispatcher,DetachAllEventListeners,6,1,0
TS3QueryLib.Core,AsyncTcpDispatcher,Client_Connected,10,1,2
TS3QueryLib.Core,AsyncTcpDispatcher,ReceiveMessage,15,1,1
TS3QueryLib.Core,AsyncTcpDispatcher,MessageReceived,87,1,2
TS3QueryLib.Core,AsyncTcpDispatcher,HandleClientQueryGreeting,27,5,1
TS3QueryLib.Core,AsyncTcpDispatcher,HandleServerQueryGreeting,9,2,1
TS3QueryLib.Core,AsyncTcpDispatcher,GreetingFailed,4,1,0
TS3QueryLib.Core,AsyncTcpDispatcher,NotifyResponseMatch,4,1,1
TS3QueryLib.Core,AsyncTcpDispatcher,GetNotifyResponseMatchBetweenCommandResponse,4,1,1
TS3QueryLib.Core,AsyncTcpDispatcher,StatusLineMatch,4,1,1
TS3QueryLib.Core,AsyncTcpDispatcher,Send,18,2,1
TS3QueryLib.Core,AsyncTcpDispatcher,ModifyLastCommandResponse,6,1,1
TS3QueryLib.Core,AsyncTcpDispatcher,EnsureSocketSuccess,12,2,2
TS3QueryLib.Core,AsyncTcpDispatcher,AdvancedTcpDispatcher_SocketError,10,3,2
TS3QueryLib.Core,AsyncTcpDispatcher,OnServerClosedConnection,4,2,1
TS3QueryLib.Core,AsyncTcpDispatcher,OnReadyForSendingCommands,4,2,0
TS3QueryLib.Core,AsyncTcpDispatcher,OnSocketError,3,1,1
TS3QueryLib.Core,AsyncTcpDispatcher,OnSocketErrorInternal,5,2,1
TS3QueryLib.Core,AsyncTcpDispatcher,DisposeInternal,3,1,0
TS3QueryLib.Core,AsyncTcpDispatcher,DispatchInternal,18,1,1
TS3QueryLib.Core,AwaitableQueryDispatcher,AwaitableQueryDispatcher,6,1,4
TS3QueryLib.Core,AwaitableQueryDispatcher,Connect,3,1,0
TS3QueryLib.Core,AwaitableQueryDispatcher,ConnectAsync,33,5,0
TS3QueryLib.Core,AwaitableQueryDispatcher,Send,3,1,1
TS3QueryLib.Core,AwaitableQueryDispatcher,SendAsync,18,1,1
TS3QueryLib.Core,AwaitableQueryDispatcher,SendAsync,8,3,2
TS3QueryLib.Core,AwaitableQueryDispatcher,Disconnect,3,1,0
TS3QueryLib.Core,AwaitableQueryDispatcher,Dispose,4,1,0
TS3QueryLib.Core,AwaitableQueryDispatcher,Dispatch,3,1,1
TS3QueryLib.Core,AwaitableQueryDispatcher,KeepAliveLoop,7,2,0
TS3QueryLib.Core,AwaitableQueryDispatcher,ReadLoop,41,9,0
TS3QueryLib.Core,AwaitableQueryDispatcher,ReadLineAsync,10,3,1
TS3QueryLib.Core,AwaitableQueryDispatcher,OnNotificationReceived,4,2,1
TS3QueryLib.Core,AwaitableQueryDispatcher,DisconnectForced,17,2,1
TS3QueryLib.Core,AwaitableQueryDispatcher,Dispose,8,3,1
TS3QueryLib.Core,ConnectResponse,ConnectResponse,6,1,4
TS3QueryLib.Core,FileTransferBase,ResolveEndpoint,9,3,2
TS3QueryLib.Core,FileTransferBase,Validate,12,6,4
TS3QueryLib.Core,FileTransferBase,ReadFromStream,9,2,3
TS3QueryLib.Core,SyncFileTransfer,UploadFile,4,1,4
TS3QueryLib.Core,SyncFileTransfer,UploadFile,5,1,5
TS3QueryLib.Core,SyncFileTransfer,UploadFile,6,1,6
TS3QueryLib.Core,SyncFileTransfer,UploadData,12,2,6
TS3QueryLib.Core,SyncFileTransfer,DownloadFile,6,1,5
TS3QueryLib.Core,SyncFileTransfer,DownloadFile,10,1,5
TS3QueryLib.Core,SyncFileTransfer,OpenConnection,13,2,2
TS3QueryLib.Core,SyncFileTransfer,SendFileTransferKey,13,2,2
TS3QueryLib.Core,SyncFileTransfer,ReadFromStreamWriteToSocket,27,2,3
TS3QueryLib.Core,SyncFileTransfer,ReadFromSocketWriteToStream,36,2,3
TS3QueryLib.Core,SyncTcpDispatcher,SyncTcpDispatcher,2,1,2
TS3QueryLib.Core,SyncTcpDispatcher,Connect,66,14,0
TS3QueryLib.Core,SyncTcpDispatcher,HandleClientQueryGreeting,29,7,1
TS3QueryLib.Core,SyncTcpDispatcher,HandleServerQueryGreeting,12,4,1
TS3QueryLib.Core,SyncTcpDispatcher,GreetingFailed,5,1,1
TS3QueryLib.Core,SyncTcpDispatcher,Disconnect,23,3,0
TS3QueryLib.Core,SyncTcpDispatcher,Send,35,3,1
TS3QueryLib.Core,SyncTcpDispatcher,ReceiveMessage,32,2,1
TS3QueryLib.Core,SyncTcpDispatcher,NoMoreReads,5,2,1
TS3QueryLib.Core,SyncTcpDispatcher,DisposeInternal,3,1,0
TS3QueryLib.Core,SyncTcpDispatcher,DispatchInternal,4,1,1
TS3QueryLib.Core,TcpDispatcherBase,TcpDispatcherBase,2,1,0
TS3QueryLib.Core,TcpDispatcherBase,TcpDispatcherBase,5,1,3
TS3QueryLib.Core,TcpDispatcherBase,DetachAllEventListeners,4,1,0
TS3QueryLib.Core,TcpDispatcherBase,IsValidGreetingPart,8,2,1
TS3QueryLib.Core,TcpDispatcherBase,GetQueryTypeFromGreeting,10,4,1
TS3QueryLib.Core,TcpDispatcherBase,ContainsStatusLine,4,1,1
TS3QueryLib.Core,TcpDispatcherBase,OnNotificationReceived,4,2,1
TS3QueryLib.Core,TcpDispatcherBase,OnBanDetected,4,2,1
TS3QueryLib.Core,TcpDispatcherBase,Dispatch,4,1,1
TS3QueryLib.Core,TcpDispatcherBase,DispatchInternal,0,1,1
TS3QueryLib.Core,TcpDispatcherBase,Dispose,4,1,0
TS3QueryLib.Core,TcpDispatcherBase,CheckForDisposed,4,2,0
TS3QueryLib.Core,TcpDispatcherBase,DisposeInternal,2,1,0
TS3QueryLib.Core,TcpDispatcherBase,Dispose,9,3,1
TS3QueryLib.Core.Client,CommandNameExtensions,CreateCommand,3,1,1
TS3QueryLib.Core.Client,QueryRunner,QueryRunner,3,1,1
TS3QueryLib.Core.Client,QueryRunner,Authenticate,7,2,1
TS3QueryLib.Core.Client,QueryRunner,RegisterForNotifications,6,1,2
TS3QueryLib.Core.Client,QueryRunner,UpdateClient,7,2,1
TS3QueryLib.Core.Client,QueryRunner,GetChannelList,14,6,6
TS3QueryLib.Core.Client,QueryRunner,SelectServerConnectionHandler,3,1,0
TS3QueryLib.Core.Client,QueryRunner,SelectServerConnectionHandler,6,2,1
TS3QueryLib.Core.Client,QueryRunner,GetChannelConnectionInfo,3,1,0
TS3QueryLib.Core.Client,QueryRunner,GetChannelConnectionInfo,6,2,1
TS3QueryLib.Core.Client,QueryRunner,GetServerConnectionHandlerIdList,4,1,0
TS3QueryLib.Core.Client,QueryRunner,SendWhoAmI,3,1,0
TS3QueryLib.Core.Client.Entities,ChannelListEntry,Parse,8,2,2
TS3QueryLib.Core.Client.Entities,ClientModification,AddToCommand,13,1,1
TS3QueryLib.Core.Client.Notification.EventArgs,TalkStatusEventArgs,TalkStatusEventArgs,3,1,1
TS3QueryLib.Core.Client.Notification.EventArgs,TalkStatusEventArgsBase,TalkStatusEventArgsBase,5,1,1
TS3QueryLib.Core.Client.Notification,Notifications,Notifications,2,1,1
TS3QueryLib.Core.Client.Notification,Notifications,GetNotificationHandlers,6,1,0
TS3QueryLib.Core.Client.Notification,Notifications,HandleTalkStatusChange,8,2,1
TS3QueryLib.Core.Client.Notification,Notifications,OnTalkStatusChanged,4,2,1
TS3QueryLib.Core.Client.Notification,Notifications,OnChannelTalkStatusChanged,4,2,1
TS3QueryLib.Core.Client.Notification,Notifications,OnWisperTalkStatusChanged,4,2,1
TS3QueryLib.Core.Client.Responses,ChannelConnectionInfoResponse,FillFrom,7,2,2
TS3QueryLib.Core.Client.Responses,WhoAmIResponse,FillFrom,7,2,2
TS3QueryLib.Core.CommandHandling,Command,Command,2,1,2
TS3QueryLib.Core.CommandHandling,Command,Command,2,1,2
TS3QueryLib.Core.CommandHandling,Command,Command,2,1,2
TS3QueryLib.Core.CommandHandling,Command,Command,14,4,2
TS3QueryLib.Core.CommandHandling,Command,AddRaw,3,1,1
TS3QueryLib.Core.CommandHandling,Command,AddParameter,3,1,1
TS3QueryLib.Core.CommandHandling,Command,AddParameter,3,1,2
TS3QueryLib.Core.CommandHandling,Command,AddParameter,3,1,3
TS3QueryLib.Core.CommandHandling,Command,AddParameter,3,1,2
TS3QueryLib.Core.CommandHandling,Command,AddParameter,3,1,3
TS3QueryLib.Core.CommandHandling,Command,AddParameter,3,1,2
TS3QueryLib.Core.CommandHandling,Command,AddParameter,3,1,3
TS3QueryLib.Core.CommandHandling,Command,AddParameter,3,1,2
TS3QueryLib.Core.CommandHandling,Command,AddParameter,3,1,3
TS3QueryLib.Core.CommandHandling,Command,AddParameter,3,1,2
TS3QueryLib.Core.CommandHandling,Command,AddParameter,3,1,3
TS3QueryLib.Core.CommandHandling,Command,AddParameter,3,1,2
TS3QueryLib.Core.CommandHandling,Command,AddParameter,3,1,3
TS3QueryLib.Core.CommandHandling,Command,AddOption,3,1,1
TS3QueryLib.Core.CommandHandling,Command,ToString,9,3,0
TS3QueryLib.Core.CommandHandling,CommandParameter,CommandParameter,2,1,1
TS3QueryLib.Core.CommandHandling,CommandParameter,CommandParameter,7,2,3
TS3QueryLib.Core.CommandHandling,CommandParameter,ToString,3,1,0
TS3QueryLib.Core.CommandHandling,CommandParameterGroup,CommandParameterGroup,2,1,0
TS3QueryLib.Core.CommandHandling,CommandParameterGroup,CommandParameterGroup,2,1,1
TS3QueryLib.Core.CommandHandling,CommandParameterGroup,CommandParameterGroup,2,1,1
TS3QueryLib.Core.CommandHandling,CommandParameterGroup,GetParameter,3,1,1
TS3QueryLib.Core.CommandHandling,CommandParameterGroup,ToString,3,1,0
TS3QueryLib.Core.CommandHandling,CommandParameterGroup,GetParameterValue,3,1,1
TS3QueryLib.Core.CommandHandling,CommandParameterGroup,GetParameterValue,4,1,1
TS3QueryLib.Core.CommandHandling,CommandParameterGroup,GetParameterValue,4,1,2
TS3QueryLib.Core.CommandHandling,CommandParameterGroup,ConvertValue,24,4,2
TS3QueryLib.Core.CommandHandling,CommandParameterGroupList,CommandParameterGroupList,2,1,0
TS3QueryLib.Core.CommandHandling,CommandParameterGroupList,CommandParameterGroupList,2,1,1
TS3QueryLib.Core.CommandHandling,CommandParameterGroupList,CommandParameterGroupList,2,1,1
TS3QueryLib.Core.CommandHandling,CommandParameterGroupList,AddRaw,3,1,1
TS3QueryLib.Core.CommandHandling,CommandParameterGroupList,AddParameter,3,1,1
TS3QueryLib.Core.CommandHandling,CommandParameterGroupList,AddParameter,3,1,2
TS3QueryLib.Core.CommandHandling,CommandParameterGroupList,AddParameter,9,3,4
TS3QueryLib.Core.CommandHandling,CommandParameterGroupList,GetParameter,3,1,1
TS3QueryLib.Core.CommandHandling,CommandParameterGroupList,GetParameter,6,2,2
TS3QueryLib.Core.CommandHandling,CommandParameterGroupList,ToString,3,1,0
TS3QueryLib.Core.CommandHandling,CommandParameterGroupList,Parse,20,7,1
TS3QueryLib.Core.CommandHandling,CommandParameterGroupList,GetParameterValue,3,1,1
TS3QueryLib.Core.CommandHandling,CommandParameterGroupList,GetParameterValue,4,1,1
TS3QueryLib.Core.CommandHandling,CommandParameterGroupList,GetParameterValue,4,1,2
TS3QueryLib.Core.Common.Entities,ChannelListEntryBase,FillFrom,24,2,2
TS3QueryLib.Core.Common.Entities,ClientModificationBase,AddToCommand,3,1,1
TS3QueryLib.Core.Common.Entities,ModificationBase,AddToCommand,14,6,3
TS3QueryLib.Core.Common.Entities,SpacerInfo,SpacerInfo,2,1,0
TS3QueryLib.Core.Common.Entities,SpacerInfo,Parse,33,8,2
TS3QueryLib.Core.Common.Exceptions,ParseException,ParseException,2,1,0
TS3QueryLib.Core.Common.Exceptions,ParseException,ParseException,2,1,1
TS3QueryLib.Core.Common.Exceptions,ParseException,ParseException,2,1,2
TS3QueryLib.Core.Common.Exceptions,ParseException,ParseException,2,1,2
TS3QueryLib.Core.Common.Notification,NotificationsBase,NotificationsBase,7,2,1
TS3QueryLib.Core.Common.Notification,NotificationsBase,GetNotificationHandlers,0,1,0
TS3QueryLib.Core.Common.Notification,NotificationsBase,QueryRunner_UnknownNotificationReceived,9,3,2
TS3QueryLib.Core.Common,SharedCommandNameExtensions,CreateCommand,3,1,1
TS3QueryLib.Core.Common,EventArgs<T>,EventArgs,3,1,1
TS3QueryLib.Core.Common,DumpExtender,GetDumpString,3,1,1
TS3QueryLib.Core.Common,DumpExtender,GetDumpString,8,2,2
TS3QueryLib.Core.Common,DumpExtender,AddDumpString,3,1,3
TS3QueryLib.Core.Common,DumpExtender,AddDumpString,35,9,3
TS3QueryLib.Core.Common,IQueryDispatcher,Dispatch,0,1,1
TS3QueryLib.Core.Common,QueryRunnerBase,QueryRunnerBase,6,2,1
TS3QueryLib.Core.Common,QueryRunnerBase,Quit,3,1,0
TS3QueryLib.Core.Common,QueryRunnerBase,SendCommand,6,2,1
TS3QueryLib.Core.Common,QueryRunnerBase,SendRaw,6,2,1
TS3QueryLib.Core.Common,QueryRunnerBase,CheckForDisposed,4,2,0
TS3QueryLib.Core.Common,QueryRunnerBase,Dispose,5,1,0
TS3QueryLib.Core.Common,QueryRunnerBase,Dispatcher_NotificationReceived,3,1,2
TS3QueryLib.Core.Common,QueryRunnerBase,OnUnknownNotificationReceived,4,2,1
TS3QueryLib.Core.Common,ReadOnlyDictionary<TKey;TValue>,ReadOnlyDictionary,3,1,1
TS3QueryLib.Core.Common,ReadOnlyDictionary<TKey;TValue>,GetEnumerator,6,2,0
TS3QueryLib.Core.Common,ReadOnlyDictionary<TKey;TValue>,ContainsKey,3,1,1
TS3QueryLib.Core.Common,ReadOnlyDictionary<TKey;TValue>,TryGetValue,3,1,2
TS3QueryLib.Core.Common,ReadOnlyDictionary<TKey;TValue>,Contains,3,1,1
TS3QueryLib.Core.Common,ReadOnlyDictionary<TKey;TValue>,CopyTo,3,1,2
TS3QueryLib.Core.Common,ReadOnlyDictionary<TKey;TValue>,Add,3,1,2
TS3QueryLib.Core.Common,ReadOnlyDictionary<TKey;TValue>,Remove,3,1,1
TS3QueryLib.Core.Common,ReadOnlyDictionary<TKey;TValue>,Add,3,1,1
TS3QueryLib.Core.Common,ReadOnlyDictionary<TKey;TValue>,Remove,3,1,1
TS3QueryLib.Core.Common,ReadOnlyDictionary<TKey;TValue>,Clear,3,1,0
TS3QueryLib.Core.Common,ReadOnlyDictionary<TKey;TValue>,GetEnumerator,3,1,0
TS3QueryLib.Core.Common,ChannelTreeItem,ChannelTreeItem,6,1,2
TS3QueryLib.Core.Common,Ts3Util,Ts3Util,8,1,0
TS3QueryLib.Core.Common,Ts3Util,EncodeString,12,4,1
TS3QueryLib.Core.Common,Ts3Util,DecodeString,7,3,1
TS3QueryLib.Core.Common,Ts3Util,ReplaceEncodedValue,3,1,1
TS3QueryLib.Core.Server,CommandNameExtensions,CreateCommand,3,1,1
TS3QueryLib.Core.Server,QueryRunner,QueryRunner,4,1,1
TS3QueryLib.Core.Server,QueryRunner,Login,10,3,2
TS3QueryLib.Core.Server,QueryRunner,Logout,3,1,0
TS3QueryLib.Core.Server,QueryRunner,GetVersion,3,1,0
TS3QueryLib.Core.Server,QueryRunner,GetHostInfo,3,1,0
TS3QueryLib.Core.Server,QueryRunner,GetInstanceInfo,3,1,0
TS3QueryLib.Core.Server,QueryRunner,EditServerInstance,7,2,1
TS3QueryLib.Core.Server,QueryRunner,GetBindingList,3,1,0
TS3QueryLib.Core.Server,QueryRunner,SelectVirtualServerById,7,2,2
TS3QueryLib.Core.Server,QueryRunner,SelectVirtualServerByPort,7,2,2
TS3QueryLib.Core.Server,QueryRunner,GetServerListShort,5,1,0
TS3QueryLib.Core.Server,QueryRunner,GetServerList,3,1,0
TS3QueryLib.Core.Server,QueryRunner,GetServerList,3,1,1
TS3QueryLib.Core.Server,QueryRunner,GetServerList,3,1,2
TS3QueryLib.Core.Server,QueryRunner,GetServerList,3,1,3
TS3QueryLib.Core.Server,QueryRunner,GetServerList,10,4,4
TS3QueryLib.Core.Server,QueryRunner,GetServerIdByPort,5,1,1
TS3QueryLib.Core.Server,QueryRunner,DeleteServer,5,1,1
TS3QueryLib.Core.Server,QueryRunner,CreateServer,9,2,1
TS3QueryLib.Core.Server,QueryRunner,StartVirtualServer,5,1,1
TS3QueryLib.Core.Server,QueryRunner,StopVirtualServer,5,1,1
TS3QueryLib.Core.Server,QueryRunner,StopServerProcess,3,1,0
TS3QueryLib.Core.Server,QueryRunner,GetServerInfo,3,1,0
TS3QueryLib.Core.Server,QueryRunner,GetServerConnectionInfo,3,1,0
TS3QueryLib.Core.Server,QueryRunner,EditServer,7,2,1
TS3QueryLib.Core.Server,QueryRunner,GetServerGroupList,3,1,0
TS3QueryLib.Core.Server,QueryRunner,AddServerGroup,3,1,1
TS3QueryLib.Core.Server,QueryRunner,AddServerGroup,3,1,2
TS3QueryLib.Core.Server,QueryRunner,AddServerGroup,9,3,2
TS3QueryLib.Core.Server,QueryRunner,DeleteServerGroup,3,1,1
TS3QueryLib.Core.Server,QueryRunner,DeleteServerGroup,6,1,2
TS3QueryLib.Core.Server,QueryRunner,RenameServerGroup,8,2,2
TS3QueryLib.Core.Server,QueryRunner,GetServerGroupPermissionList,3,1,1
TS3QueryLib.Core.Server,QueryRunner,GetServerGroupPermissionList,7,2,2
TS3QueryLib.Core.Server,QueryRunner,AddServerGroupPermission,3,1,2
TS3QueryLib.Core.Server,QueryRunner,AddServerGroupPermission,3,1,3
TS3QueryLib.Core.Server,QueryRunner,AddServerGroupPermission,3,1,2
TS3QueryLib.Core.Server,QueryRunner,AddServerGroupPermission,20,5,3
TS3QueryLib.Core.Server,QueryRunner,AddServerGroupPermission,3,1,2
TS3QueryLib.Core.Server,QueryRunner,AddServerGroupPermission,3,1,3
TS3QueryLib.Core.Server,QueryRunner,AddServerGroupPermission,3,1,2
TS3QueryLib.Core.Server,QueryRunner,AddServerGroupPermission,20,5,3
TS3QueryLib.Core.Server,QueryRunner,AddServerGroupAutoPermission,18,4,2
TS3QueryLib.Core.Server,QueryRunner,DeleteServerGroupAutoPermission,3,1,2
TS3QueryLib.Core.Server,QueryRunner,DeleteServerGroupAutoPermissions,15,4,2
TS3QueryLib.Core.Server,QueryRunner,DeleteServerGroupAutoPermission,3,1,2
TS3QueryLib.Core.Server,QueryRunner,DeleteServerGroupAutoPermissions,15,4,2
TS3QueryLib.Core.Server,QueryRunner,DeleteServerGroupPermission,3,1,2
TS3QueryLib.Core.Server,QueryRunner,DeleteServerGroupPermission,8,2,3
TS3QueryLib.Core.Server,QueryRunner,DeleteServerGroupPermissions,3,1,2
TS3QueryLib.Core.Server,QueryRunner,DeleteServerGroupPermissions,17,5,3
TS3QueryLib.Core.Server,QueryRunner,DeleteServerGroupPermission,3,1,2
TS3QueryLib.Core.Server,QueryRunner,DeleteServerGroupPermission,8,2,3
TS3QueryLib.Core.Server,QueryRunner,DeleteServerGroupPermissions,3,1,2
TS3QueryLib.Core.Server,QueryRunner,DeleteServerGroupPermissions,17,5,3
TS3QueryLib.Core.Server,QueryRunner,AddClientToServerGroup,6,1,2
TS3QueryLib.Core.Server,QueryRunner,DeleteClientFromServerGroup,6,1,2
TS3QueryLib.Core.Server,QueryRunner,GetServerGroupClientList,3,1,1
TS3QueryLib.Core.Server,QueryRunner,GetServerGroupClientList,7,2,2
TS3QueryLib.Core.Server,QueryRunner,GetServerGroupsByClientId,5,1,1
TS3QueryLib.Core.Server,QueryRunner,GetServerSnapshot,3,1,0
TS3QueryLib.Core.Server,QueryRunner,DeployServerSnapshot,7,2,1
TS3QueryLib.Core.Server,QueryRunner,RegisterForNotifications,3,1,1
TS3QueryLib.Core.Server,QueryRunner,RegisterForNotifications,7,2,2
TS3QueryLib.Core.Server,QueryRunner,UnregisterNotifications,3,1,0
TS3QueryLib.Core.Server,QueryRunner,SendGlobalMessage,7,2,1
TS3QueryLib.Core.Server,QueryRunner,SendTextMessage,9,2,3
TS3QueryLib.Core.Server,QueryRunner,GetLogEntries,3,1,2
TS3QueryLib.Core.Server,QueryRunner,GetLogEntries,9,1,4
TS3QueryLib.Core.Server,QueryRunner,AddLogEntry,8,2,1
TS3QueryLib.Core.Server,QueryRunner,AddLogEntry,3,1,2
TS3QueryLib.Core.Server,QueryRunner,GetChannelList,3,1,0
TS3QueryLib.Core.Server,QueryRunner,GetChannelList,3,1,1
TS3QueryLib.Core.Server,QueryRunner,GetChannelList,3,1,6
TS3QueryLib.Core.Server,QueryRunner,GetChannelList,16,7,7
TS3QueryLib.Core.Server,QueryRunner,GetChannelInfo,5,1,1
TS3QueryLib.Core.Server,QueryRunner,FindChannels,6,2,1
TS3QueryLib.Core.Server,QueryRunner,MoveChannel,3,1,2
TS3QueryLib.Core.Server,QueryRunner,MoveChannel,8,2,3
TS3QueryLib.Core.Server,QueryRunner,CreateChannel,9,3,1
TS3QueryLib.Core.Server,QueryRunner,EditChannel,8,2,2
TS3QueryLib.Core.Server,QueryRunner,DeleteChannel,3,1,1
TS3QueryLib.Core.Server,QueryRunner,DeleteChannel,6,1,2
TS3QueryLib.Core.Server,QueryRunner,GetChannelPermissionList,3,1,1
TS3QueryLib.Core.Server,QueryRunner,GetChannelPermissionList,7,2,2
TS3QueryLib.Core.Server,QueryRunner,AddChannelPermission,3,1,2
TS3QueryLib.Core.Server,QueryRunner,AddChannelPermissions,16,4,2
TS3QueryLib.Core.Server,QueryRunner,AddChannelPermission,3,1,2
TS3QueryLib.Core.Server,QueryRunner,AddChannelPermissions,16,4,2
TS3QueryLib.Core.Server,QueryRunner,DeleteChannelPermission,6,1,2
TS3QueryLib.Core.Server,QueryRunner,DeleteChannelPermissions,15,4,2
TS3QueryLib.Core.Server,QueryRunner,DeleteChannelPermission,6,1,2
TS3QueryLib.Core.Server,QueryRunner,DeleteChannelPermissions,15,4,2
TS3QueryLib.Core.Server,QueryRunner,GetChannelGroupList,3,1,0
TS3QueryLib.Core.Server,QueryRunner,AddChannelGroup,3,1,1
TS3QueryLib.Core.Server,QueryRunner,AddChannelGroup,3,1,2
TS3QueryLib.Core.Server,QueryRunner,AddChannelGroup,9,3,2
TS3QueryLib.Core.Server,QueryRunner,DeleteChannelGroup,3,1,1
TS3QueryLib.Core.Server,QueryRunner,DeleteChannelGroup,6,1,2
TS3QueryLib.Core.Server,QueryRunner,RenameChannelGroup,8,2,2
TS3QueryLib.Core.Server,QueryRunner,AddChannelGroupPermission,3,1,2
TS3QueryLib.Core.Server,QueryRunner,AddChannelGroupPermissions,3,1,2
TS3QueryLib.Core.Server,QueryRunner,AddChannelGroupPermissions,18,5,3
TS3QueryLib.Core.Server,QueryRunner,AddChannelGroupPermission,3,1,2
TS3QueryLib.Core.Server,QueryRunner,AddChannelGroupPermissions,16,4,2
TS3QueryLib.Core.Server,QueryRunner,DeleteChannelGroupPermission,3,1,2
TS3QueryLib.Core.Server,QueryRunner,DeleteChannelGroupPermission,8,2,3
TS3QueryLib.Core.Server,QueryRunner,DeleteChannelGroupPermissions,15,4,2
TS3QueryLib.Core.Server,QueryRunner,DeleteChannelGroupPermission,3,1,2
TS3QueryLib.Core.Server,QueryRunner,DeleteChannelGroupPermission,8,2,3
TS3QueryLib.Core.Server,QueryRunner,DeleteChannelGroupPermissions,3,1,2
TS3QueryLib.Core.Server,QueryRunner,DeleteChannelGroupPermissions,17,5,3
TS3QueryLib.Core.Server,QueryRunner,GetChannelGroupPermissionList,3,1,1
TS3QueryLib.Core.Server,QueryRunner,GetChannelGroupPermissionList,7,2,2
TS3QueryLib.Core.Server,QueryRunner,GetChannelGroupClientList,3,1,0
TS3QueryLib.Core.Server,QueryRunner,GetChannelGroupClientList,10,4,3
TS3QueryLib.Core.Server,QueryRunner,SetClientChannelGroup,7,1,3
TS3QueryLib.Core.Server,QueryRunner,GetClientList,3,1,0
TS3QueryLib.Core.Server,QueryRunner,GetClientList,3,1,1
TS3QueryLib.Core.Server,QueryRunner,GetClientList,3,1,9
TS3QueryLib.Core.Server,QueryRunner,GetClientList,22,10,10
TS3QueryLib.Core.Server,QueryRunner,GetClientInfo,5,1,1
TS3QueryLib.Core.Server,QueryRunner,FindClients,7,2,1
TS3QueryLib.Core.Server,QueryRunner,EditClient,8,2,2
TS3QueryLib.Core.Server,QueryRunner,GetClientDatabaseInfo,5,1,1
TS3QueryLib.Core.Server,QueryRunner,GetClientDatabaseList,3,1,0
TS3QueryLib.Core.Server,QueryRunner,GetClientDatabaseList,3,1,1
TS3QueryLib.Core.Server,QueryRunner,GetClientDatabaseList,3,1,2
TS3QueryLib.Core.Server,QueryRunner,GetClientDatabaseList,10,4,3
TS3QueryLib.Core.Server,QueryRunner,FindClientDatabaseIds,3,1,1
TS3QueryLib.Core.Server,QueryRunner,FindClientDatabaseIds,9,3,2
TS3QueryLib.Core.Server,QueryRunner,EditDatbaseClient,8,2,2
TS3QueryLib.Core.Server,QueryRunner,DeleteClientFromDatabase,5,1,1
TS3QueryLib.Core.Server,QueryRunner,GetClientIdsByUniqueId,7,2,1
TS3QueryLib.Core.Server,QueryRunner,GetUniqueIdFromClientId,5,1,1
TS3QueryLib.Core.Server,QueryRunner,GetClientDatabaseIdsByUniqueId,7,2,1
TS3QueryLib.Core.Server,QueryRunner,GetClientNameAndDatabaseIdByUniqueId,7,2,1
TS3QueryLib.Core.Server,QueryRunner,GetClientNameAndUniqueIdByClientDatabaseId,5,1,1
TS3QueryLib.Core.Server,QueryRunner,UpdateServerQueryLogin,7,2,1
TS3QueryLib.Core.Server,QueryRunner,UpdateCurrentQueryClient,7,2,1
TS3QueryLib.Core.Server,QueryRunner,MoveClient,3,1,2
TS3QueryLib.Core.Server,QueryRunner,MoveClient,8,2,3
TS3QueryLib.Core.Server,QueryRunner,MoveClients,13,3,3
TS3QueryLib.Core.Server,QueryRunner,KickClient,3,1,2
TS3QueryLib.Core.Server,QueryRunner,KickClient,3,1,3
TS3QueryLib.Core.Server,QueryRunner,KickClients,3,1,2
TS3QueryLib.Core.Server,QueryRunner,KickClients,13,4,3
TS3QueryLib.Core.Server,QueryRunner,PokeClient,6,1,2
TS3QueryLib.Core.Server,QueryRunner,GetClientPermissionList,3,1,1
TS3QueryLib.Core.Server,QueryRunner,GetClientPermissionList,7,2,2
TS3QueryLib.Core.Server,QueryRunner,AddClientPermission,3,1,2
TS3QueryLib.Core.Server,QueryRunner,AddClientPermissions,17,4,2
TS3QueryLib.Core.Server,QueryRunner,AddClientPermission,3,1,2
TS3QueryLib.Core.Server,QueryRunner,AddClientPermissions,17,4,2
TS3QueryLib.Core.Server,QueryRunner,DeleteClientPermission,6,1,2
TS3QueryLib.Core.Server,QueryRunner,DeleteClientPermissions,15,4,2
TS3QueryLib.Core.Server,QueryRunner,DeleteClientPermission,6,1,2
TS3QueryLib.Core.Server,QueryRunner,DeleteClientPermissions,15,4,2
TS3QueryLib.Core.Server,QueryRunner,GetChannelClientPermissionList,6,1,2
TS3QueryLib.Core.Server,QueryRunner,GetChannelClientPermissionList,8,2,3
TS3QueryLib.Core.Server,QueryRunner,AddChannelClientPermission,3,1,3
TS3QueryLib.Core.Server,QueryRunner,AddChannelClientPermissions,17,4,3
TS3QueryLib.Core.Server,QueryRunner,AddChannelClientPermission,3,1,3
TS3QueryLib.Core.Server,QueryRunner,AddChannelClientPermissions,17,4,3
TS3QueryLib.Core.Server,QueryRunner,DeleteChannelClientPermission,3,1,3
TS3QueryLib.Core.Server,QueryRunner,DeleteChannelClientPermissions,16,4,3
TS3QueryLib.Core.Server,QueryRunner,DeleteChannelClientPermission,3,1,3
TS3QueryLib.Core.Server,QueryRunner,DeleteChannelClientPermissions,16,4,3
TS3QueryLib.Core.Server,QueryRunner,GetOwnPermissionDetails,5,1,1
TS3QueryLib.Core.Server,QueryRunner,GetOwnPermissionDetails,5,1,1
TS3QueryLib.Core.Server,QueryRunner,GetPermissionList,3,1,0
TS3QueryLib.Core.Server,QueryRunner,GetPermissionInfoByName,3,1,1
TS3QueryLib.Core.Server,QueryRunner,GetPermissionInfoByNames,14,4,1
TS3QueryLib.Core.Server,QueryRunner,GetPermissionOverview,7,1,3
TS3QueryLib.Core.Server,QueryRunner,GetPermissionOverview,7,1,3
TS3QueryLib.Core.Server,QueryRunner,FindPermissions,5,1,1
TS3QueryLib.Core.Server,QueryRunner,FindPermissions,5,1,1
TS3QueryLib.Core.Server,QueryRunner,ResetPermissions,3,1,0
TS3QueryLib.Core.Server,QueryRunner,GetPrivilegeKeyList,3,1,0
TS3QueryLib.Core.Server,QueryRunner,AddPrivilegeKey,3,1,3
TS3QueryLib.Core.Server,QueryRunner,AddPrivilegeKey,3,1,4
TS3QueryLib.Core.Server,QueryRunner,AddPrivilegeKey,3,1,4
TS3QueryLib.Core.Server,QueryRunner,AddPrivilegeKey,6,2,5
TS3QueryLib.Core.Server,QueryRunner,AddPrivilegeKey,11,3,5
TS3QueryLib.Core.Server,QueryRunner,DeletePrivilegeKey,7,2,1
TS3QueryLib.Core.Server,QueryRunner,UsePrivilegeKey,7,2,1
TS3QueryLib.Core.Server,QueryRunner,GetMessageList,3,1,0
TS3QueryLib.Core.Server,QueryRunner,AddMessage,11,3,3
TS3QueryLib.Core.Server,QueryRunner,GetMessage,5,1,1
TS3QueryLib.Core.Server,QueryRunner,UpdateMessageFlag,6,1,2
TS3QueryLib.Core.Server,QueryRunner,DeleteMessage,5,1,1
TS3QueryLib.Core.Server,QueryRunner,GetComplainList,3,1,0
TS3QueryLib.Core.Server,QueryRunner,GetComplainList,6,2,1
TS3QueryLib.Core.Server,QueryRunner,AddComplaint,6,1,2
TS3QueryLib.Core.Server,QueryRunner,DeleteComplaint,6,1,2
TS3QueryLib.Core.Server,QueryRunner,DeleteAllComplaints,5,1,1
TS3QueryLib.Core.Server,QueryRunner,BanClient,3,1,1
TS3QueryLib.Core.Server,QueryRunner,BanClient,3,1,2
TS3QueryLib.Core.Server,QueryRunner,BanClient,3,1,2
TS3QueryLib.Core.Server,QueryRunner,BanClient,9,3,3
TS3QueryLib.Core.Server,QueryRunner,GetBanList,3,1,0
TS3QueryLib.Core.Server,QueryRunner,AddBanRule,14,6,5
TS3QueryLib.Core.Server,QueryRunner,DeleteBan,5,1,1
TS3QueryLib.Core.Server,QueryRunner,DeleteAllBans,3,1,0
TS3QueryLib.Core.Server,QueryRunner,InitializeFileUpload,3,1,6
TS3QueryLib.Core.Server,QueryRunner,InitializeFileUpload,11,1,7
TS3QueryLib.Core.Server,QueryRunner,InitializeFileDownload,3,1,4
TS3QueryLib.Core.Server,QueryRunner,InitializeFileDownload,9,1,5
TS3QueryLib.Core.Server,QueryRunner,GetFileTransferList,3,1,0
TS3QueryLib.Core.Server,QueryRunner,GetFileList,3,1,2
TS3QueryLib.Core.Server,QueryRunner,GetFileList,9,2,3
TS3QueryLib.Core.Server,QueryRunner,GetFileInfo,3,1,2
TS3QueryLib.Core.Server,QueryRunner,GetFileInfo,3,1,3
TS3QueryLib.Core.Server,QueryRunner,GetFileInfo,3,1,2
TS3QueryLib.Core.Server,QueryRunner,GetFileInfo,16,4,3
TS3QueryLib.Core.Server,QueryRunner,StopFileTransfer,3,1,1
TS3QueryLib.Core.Server,QueryRunner,StopFileTransfer,6,1,2
TS3QueryLib.Core.Server,QueryRunner,DeleteFile,3,1,2
TS3QueryLib.Core.Server,QueryRunner,DeleteFile,9,2,3
TS3QueryLib.Core.Server,QueryRunner,CreateDirectory,3,1,2
TS3QueryLib.Core.Server,QueryRunner,CreateDirectory,9,2,3
TS3QueryLib.Core.Server,QueryRunner,RenameFile,3,1,3
TS3QueryLib.Core.Server,QueryRunner,RenameFile,3,1,4
TS3QueryLib.Core.Server,QueryRunner,RenameFile,16,5,6
TS3QueryLib.Core.Server,QueryRunner,CustomSearch,6,1,2
TS3QueryLib.Core.Server,QueryRunner,GetCustomInfo,5,1,1
TS3QueryLib.Core.Server,QueryRunner,SendWhoAmI,3,1,0
TS3QueryLib.Core.Server,QueryRunner,CopyServerGroup,8,1,3
TS3QueryLib.Core.Server,QueryRunner,OverwriteServerGroup,8,1,3
TS3QueryLib.Core.Server,QueryRunner,CopyChannelGroup,8,1,3
TS3QueryLib.Core.Server,QueryRunner,OverwriteChannelGroup,8,1,3
TS3QueryLib.Core.Server,QueryUtils,QueryUtils,5,2,1
TS3QueryLib.Core.Server,QueryUtils,GetChannelTree,3,1,0
TS3QueryLib.Core.Server,QueryUtils,GetChannelTree,8,2,1
TS3QueryLib.Core.Server,QueryUtils,GetChannelTree,3,1,1
TS3QueryLib.Core.Server,QueryUtils,GetChannelTree,7,1,2
TS3QueryLib.Core.Server,QueryUtils,GetAvatarFilename,3,1,1
TS3QueryLib.Core.Server,QueryUtils,GetAvatarFilename,7,3,1
TS3QueryLib.Core.Server,QueryUtils,GetAvatarFilename,3,1,1
TS3QueryLib.Core.Server,QueryUtils,AddChildren,26,5,4
TS3QueryLib.Core.Server,QueryUtils,SortChannels,23,4,1
TS3QueryLib.Core.Server,QueryUtils,SortUser,11,5,2
TS3QueryLib.Core.Common.Responses,ListResponse<T>,ListResponse,3,1,0
TS3QueryLib.Core.Common.Responses,ListResponse<T>,Parse,5,1,3
TS3QueryLib.Core.Common.Responses,ListResponse<T>,FillFrom,3,1,2
TS3QueryLib.Core.Common.Responses,ListResponse<T>,FillFrom,15,3,3
TS3QueryLib.Core.Common.Responses,ListResponse<T>,GetEnumerator,8,3,0
TS3QueryLib.Core.Common.Responses,ListResponse<T>,Assign,8,2,1
TS3QueryLib.Core.Common.Responses,ListResponse<T>,GetEnumerator,3,1,0
TS3QueryLib.Core.Common.Responses,ListResponse<T>,GetEnumerator,3,1,0
TS3QueryLib.Core.Common.Responses,SingleValueResponse<T>,FillFrom,9,2,2
TS3QueryLib.Core.Common.Responses,ResponseBase<T>,Parse,20,2,2
TS3QueryLib.Core.Common.Responses,ResponseBase<T>,FillFrom,0,1,2
TS3QueryLib.Core.Common.Responses,ResponseBase<T>,DetermineErrorDetails,10,2,1
TS3QueryLib.Core.Common.Responses,ResponseBase<T>,SplitResponse,6,1,3
TS3QueryLib.Core.Common.Responses,ResponseBase<T>,Assign,10,1,1
TS3QueryLib.Core.Common.Responses,SimpleResponse,FillFrom,3,1,2
TS3QueryLib.Core.Communication,AsyncSocketMethodHelper,InvokeAsyncMethod,5,2,4
TS3QueryLib.Core.Communication,SocketAsyncEventArgsUserToken,SocketAsyncEventArgsUserToken,3,1,0
TS3QueryLib.Core.Communication,SocketAsyncEventArgsUserToken,Reset,3,1,0
TS3QueryLib.Core.Communication,SocketAsyncEventArgsUserToken,AppenToMessage,3,1,1
TS3QueryLib.Core.Communication,SocketErrorEventArgs,SocketErrorEventArgs,3,1,1
TS3QueryLib.Core.Server.Entities,BanListEntry,BanListEntry,2,1,0
TS3QueryLib.Core.Server.Entities,BanListEntry,Parse,15,2,2
TS3QueryLib.Core.Server.Entities,ChannelFindEntry,ChannelFindEntry,2,1,0
TS3QueryLib.Core.Server.Entities,ChannelFindEntry,Parse,9,2,2
TS3QueryLib.Core.Server.Entities,ChannelGroup,ChannelGroup,2,1,0
TS3QueryLib.Core.Server.Entities,ChannelGroup,Parse,14,2,2
TS3QueryLib.Core.Server.Entities,ChannelGroupClient,ChannelGroupClient,2,1,0
TS3QueryLib.Core.Server.Entities,ChannelGroupClient,Parse,10,2,2
TS3QueryLib.Core.Server.Entities,ChannelListEntry,Parse,9,2,2
TS3QueryLib.Core.Server.Entities,ChannelModification,AddToCommand,23,2,1
TS3QueryLib.Core.Server.Entities,ClientDbEntry,ClientDbEntry,2,1,0
TS3QueryLib.Core.Server.Entities,ClientDbEntry,Parse,14,2,2
TS3QueryLib.Core.Server.Entities,ClientDbEntryListResponse,Parse,12,3,1
TS3QueryLib.Core.Server.Entities,ClientIdEntry,ClientIdEntry,2,1,0
TS3QueryLib.Core.Server.Entities,ClientIdEntry,Parse,9,2,2
TS3QueryLib.Core.Server.Entities,ClientListEntry,ClientListEntry,2,1,0
TS3QueryLib.Core.Server.Entities,ClientListEntry,Parse,39,2,2
TS3QueryLib.Core.Server.Entities,ClientFindEntry,ClientFindEntry,2,1,0
TS3QueryLib.Core.Server.Entities,ClientFindEntry,Parse,9,2,2
TS3QueryLib.Core.Server.Entities,ClientModification,AddToCommand,5,1,1
TS3QueryLib.Core.Server.Entities,ComplainListEntry,ComplainListEntry,2,1,0
TS3QueryLib.Core.Server.Entities,ComplainListEntry,Parse,13,2,2
TS3QueryLib.Core.Server.Entities,CustomInfoEntry,CustomInfoEntry,2,1,0
TS3QueryLib.Core.Server.Entities,CustomInfoEntry,Parse,10,2,2
TS3QueryLib.Core.Server.Entities,CustomSearchEntry,CustomSearchEntry,2,1,0
TS3QueryLib.Core.Server.Entities,CustomSearchEntry,Parse,10,2,2
TS3QueryLib.Core.Server.Entities,FileTransferFileEntry,FileTransferFileEntry,2,1,0
TS3QueryLib.Core.Server.Entities,FileTransferFileEntry,Parse,12,2,2
TS3QueryLib.Core.Server.Entities,FileTransferListEntry,FileTransferListEntry,2,1,0
TS3QueryLib.Core.Server.Entities,FileTransferListEntry,Parse,17,2,2
TS3QueryLib.Core.Server.Entities,LogEntry,LogEntry,2,1,0
TS3QueryLib.Core.Server.Entities,LogEntry,Parse,20,3,2
TS3QueryLib.Core.Server.Entities,LogEntryLight,LogEntryLight,2,1,0
TS3QueryLib.Core.Server.Entities,LogEntryLight,LogEntryLight,6,2,2
TS3QueryLib.Core.Server.Entities,MessageEntry,MessageEntry,2,1,0
TS3QueryLib.Core.Server.Entities,MessageEntry,Parse,12,2,1
TS3QueryLib.Core.Server.Entities,Permission,Parse,12,2,2
TS3QueryLib.Core.Server.Entities,PermissionDetails,PermissionDetails,2,1,0
TS3QueryLib.Core.Server.Entities,PermissionDetails,Parse,10,2,2
TS3QueryLib.Core.Server.Entities,PermissionFindEntry,PermissionFindEntry,2,1,0
TS3QueryLib.Core.Server.Entities,PermissionFindEntry,Parse,11,2,2
TS3QueryLib.Core.Server.Entities,PermissionInfo,PermissionInfo,2,1,0
TS3QueryLib.Core.Server.Entities,PermissionInfo,Parse,9,2,2
TS3QueryLib.Core.Server.Entities,PermissionOverviewEntry,PermissionOverviewEntry,2,1,0
TS3QueryLib.Core.Server.Entities,PermissionOverviewEntry,Parse,14,2,2
TS3QueryLib.Core.Server.Entities,ServerGroup,ServerGroup,2,1,0
TS3QueryLib.Core.Server.Entities,ServerGroup,Parse,12,2,2
TS3QueryLib.Core.Server.Entities,ServerGroupClient,Parse,8,1,2
TS3QueryLib.Core.Server.Entities,ServerGroupLight,Parse,9,2,2
TS3QueryLib.Core.Server.Entities,ServerInstanceModification,AddToCommand,13,1,1
TS3QueryLib.Core.Server.Entities,ServerListItem,ServerListItem,2,1,0
TS3QueryLib.Core.Server.Entities,ServerListItem,Parse,21,2,2
TS3QueryLib.Core.Server.Entities,VirtualServerStatusHelper,Parse,13,4,1
TS3QueryLib.Core.Server.Entities,ServerListItemBase,ServerListItemBase,2,1,0
TS3QueryLib.Core.Server.Entities,ServerListItemBase,Parse,12,2,2
TS3QueryLib.Core.Server.Entities,Token,Token,2,1,0
TS3QueryLib.Core.Server.Entities,Token,Parse,12,2,2
TS3QueryLib.Core.Server.Entities,VirtualServerModification,AddToCommand,51,4,1
TS3QueryLib.Core.Server.Notification.EventArgs,ChannelCreatedEventArgs,ChannelCreatedEventArgs,28,2,1
TS3QueryLib.Core.Server.Notification.EventArgs,ChannelDeletedEventArgs,ChannelDeletedEventArgs,9,2,1
TS3QueryLib.Core.Server.Notification.EventArgs,ChannelDescriptionChangedEventArgs,ChannelDescriptionChangedEventArgs,5,2,1
TS3QueryLib.Core.Server.Notification.EventArgs,ChannelEditedEventArgs,ChannelEditedEventArgs,30,2,1
TS3QueryLib.Core.Server.Notification.EventArgs,ChannelMovedEventArgs,ChannelMovedEventArgs,11,2,1
TS3QueryLib.Core.Server.Notification.EventArgs,ChannelPasswordChangedEventArgs,ChannelPasswordChangedEventArgs,5,2,1
TS3QueryLib.Core.Server.Notification.EventArgs,ClientBanEventArgs,ClientBanEventArgs,13,2,1
TS3QueryLib.Core.Server.Notification.EventArgs,ClientConnectionLostEventArgs,ClientConnectionLostEventArgs,8,2,1
TS3QueryLib.Core.Server.Notification.EventArgs,ClientDisconnectEventArgs,ClientDisconnectEventArgs,8,2,1
TS3QueryLib.Core.Server.Notification.EventArgs,ClientJoinedEventArgs,ClientJoinedEventArgs,31,2,1
TS3QueryLib.Core.Server.Notification.EventArgs,ClientKickEventArgs,ClientKickEventArgs,11,2,1
TS3QueryLib.Core.Server.Notification.EventArgs,ClientMovedByClientEventArgs,ClientMovedByClientEventArgs,5,1,1
TS3QueryLib.Core.Server.Notification.EventArgs,ClientMovedEventArgs,ClientMovedEventArgs,6,2,1
TS3QueryLib.Core.Server.Notification.EventArgs,MessageReceivedEventArgs,MessageReceivedEventArgs,8,2,1
TS3QueryLib.Core.Server.Notification.EventArgs,ServerEditedEventArgs,ServerEditedEventArgs,21,2,1
TS3QueryLib.Core.Server.Notification.EventArgs,TokenUsedEventArgs,TokenUsedEventArgs,24,5,1
TS3QueryLib.Core.Server.Notification.EventArgs,UnknownNotificationEventArgs,UnknownNotificationEventArgs,8,3,2
TS3QueryLib.Core.Server.Notification,Notifications,Notifications,2,1,1
TS3QueryLib.Core.Server.Notification,Notifications,GetNotificationHandlers,18,1,0
TS3QueryLib.Core.Server.Notification,Notifications,HandleTokenUsed,4,2,1
TS3QueryLib.Core.Server.Notification,Notifications,HandleClientLeave,27,9,1
TS3QueryLib.Core.Server.Notification,Notifications,HandleMessages,18,6,1
TS3QueryLib.Core.Server.Notification,Notifications,HandleClientMove,19,6,1
TS3QueryLib.Core.Server.Notification,Notifications,HandleClientJoin,4,2,1
TS3QueryLib.Core.Server.Notification,Notifications,HandleChannelEdited,4,2,1
TS3QueryLib.Core.Server.Notification,Notifications,HandleChannelMoved,4,2,1
TS3QueryLib.Core.Server.Notification,Notifications,HandleChannelDescriptionChanged,4,2,1
TS3QueryLib.Core.Server.Notification,Notifications,HandleChannelPasswordChanged,4,2,1
TS3QueryLib.Core.Server.Notification,Notifications,HandleChannelCreated,4,2,1
TS3QueryLib.Core.Server.Notification,Notifications,HandleChannelDeleted,4,2,1
TS3QueryLib.Core.Server.Notification,Notifications,HandleServerEdited,4,2,1
TS3QueryLib.Core.Server.Notification,Notifications,HandleUnknownNotificationReceived,4,2,1
TS3QueryLib.Core.Server.Responses,ClientDbInfoResponse,FillFrom,5,1,2
TS3QueryLib.Core.Server.Responses,ClientGetUidFromClidResponse,FillFrom,8,2,2
TS3QueryLib.Core.Server.Responses,ClientInfoBaseResponse<T>,FillFrom,18,2,2
TS3QueryLib.Core.Server.Responses,InitializeFileUploadResponse,FillFrom,10,2,2
TS3QueryLib.Core.Server.Responses,OwnPermissionResponse,FillFrom,8,2,2
TS3QueryLib.Core.Server.Responses,ChannelInfoResponse,FillFrom,33,2,2
TS3QueryLib.Core.Server.Responses,ClientGetNameFromDbIdResponse,FillFrom,8,2,2
TS3QueryLib.Core.Server.Responses,ClientGetNameFromUniqueIdResponse,FillFrom,7,2,2
TS3QueryLib.Core.Server.Responses,ClientInfoResponse,FillFrom,46,2,2
TS3QueryLib.Core.Server.Responses,ConnectionInfoResponse,FillFrom,20,2,2
TS3QueryLib.Core.Server.Responses,CreateServerResponse,FillFrom,8,2,2
TS3QueryLib.Core.Server.Responses,GetMessageResponse,FillFrom,10,2,2
TS3QueryLib.Core.Server.Responses,InitializeFileDownloadResponse,FillFrom,10,2,2
TS3QueryLib.Core.Server.Responses,ServerInfoResponse,FillFrom,98,2,2
TS3QueryLib.Core.Server.Responses,HostInfoResponse,FillFrom,23,2,2
TS3QueryLib.Core.Server.Responses,InstanceInfoResponse,FillFrom,17,2,2
TS3QueryLib.Core.Server.Responses,VersionResponse,FillFrom,8,2,2
TS3QueryLib.Core.Server.Responses,WhoAmIResponse,FillFrom,17,2,2
System,ExtensionMethods,IsNullOrTrimmedEmpty,3,1,1
System,ExtensionMethods,AsReadOnly,3,1,1
System,ExtensionMethods,ToArray,11,3,1
System,ExtensionMethods,ChangeTypeInvariant,3,1,1
System,ExtensionMethods,ChangeTypeInvariant,3,1,2
System,ExtensionMethods,ChangeType,3,1,2
System,ExtensionMethods,ChangeType,3,1,1
System,ExtensionMethods,ChangeType,3,1,2
System,ExtensionMethods,ChangeType,11,4,3
System,ExtensionMethods,ToBool,3,1,1
System,ExtensionMethods,ToBool,3,1,1
System,ExtensionMethods,ToNullableBool,3,1,1
System,ExtensionMethods,ToNullableBool,3,1,1
System,ExtensionMethods,ToIdList,14,4,1
System,ExtensionMethods,PostEx,6,2,3
