Project,Namespace,Ca types,Ce types
WebApiContrib.Formatting.Xlsx,WebApiContrib.Formatting.Xlsx,WebApiContrib.Formatting.Xlsx.Tests.FormatterUtilsTests' WebApiContrib.Formatting.Xlsx.Sample.WebApiConfig' WebApiContrib.Formatting.Xlsx.Tests.XlsxMediaTypeFormatterTests,
